1	pred_lon	0.086625
2	n_lon	0.085227
3	longitude	0.084098
4	p_lon	0.082042
5	latitude	0.065062
6	n_lat	0.060469
7	p_lat	0.059551
8	pred_lat	0.058991
9	All-Neighbor LAC (Sorted)[1]	0.045891
10	LAC	0.042249
11	All-Neighbor LAC (Sorted)[2]	0.027183
12	6	0.017309
13	2	0.016453
14	7	0.016453
15	All-Neighbor LAC (Sorted)[3]	0.015812
16	8	0.014364
17	4	0.013042
18	0	0.012357
19	5	0.011986
20	All-Neighbor RxLev (dBm) (Sorted)[2]	0.010649
21	All-Neighbor Cell Id (Sorted)[1]	0.010320
22	All-Neighbor Cell Id (Sorted)[2]	0.010169
23	All-Neighbor LAC (Sorted)[4]	0.009558
24	CI	0.009116
25	9	0.009102
26	3	0.008405
27	10	0.007680
28	All-Neighbor LAC (Sorted)[5]	0.005612
29	All-Neighbor RxLev (dBm) (Sorted)[3]	0.005356
30	All-Neighbor Cell Id (Sorted)[3]	0.005351
31	13	0.005130
32	11	0.004449
33	14	0.003806
34	All-Neighbor Cell Id (Sorted)[4]	0.003369
35	n_timegap	0.003307
36	All-Neighbor LAC (Sorted)[6]	0.003256
37	p_timegap	0.003169
38	All-Neighbor RxLev (dBm) (Sorted)[4]	0.002764
39	12	0.002734
40	All-RxLev Full (dBm)	0.002307
41	All-RxLev Sub (dBm)	0.002212
42	All-Neighbor RxLev (dBm) (Sorted)[1]	0.002192
43	n_angle	0.002093
44	1	0.001986
45	p_angle	0.001982
46	p_dist	0.001938
47	n_dist	0.001897
48	All-Neighbor Cell Id (Sorted)[5]	0.001753
49	n_speed	0.001531
50	p_speed	0.001525
51	All-Neighbor RxLev (dBm) (Sorted)[5]	0.001345
52	All-Neighbor Cell Id (Sorted)[6]	0.001126
53	1056	0.000880
54	All-Neighbor RxLev (dBm) (Sorted)[6]	0.000875
55	1572	0.000541
56	627	0.000482
57	317	0.000348
58	2244	0.000313
59	390	0.000303
60	549	0.000290
61	162	0.000290
62	196	0.000286
63	634	0.000268
64	20	0.000247
65	1591	0.000238
66	1322	0.000232
67	1065	0.000229
68	210	0.000222
69	642	0.000218
70	203	0.000216
71	1470	0.000216
72	1209	0.000212
73	335	0.000202
74	1064	0.000196
75	628	0.000182
76	1261	0.000181
77	1456	0.000172
78	1262	0.000172
79	16	0.000170
80	1203	0.000168
81	1217	0.000167
82	227	0.000160
83	1079	0.000158
84	1736	0.000156
85	508	0.000156
86	296	0.000153
87	22	0.000149
88	195	0.000144
89	896	0.000142
90	728	0.000141
91	1072	0.000140
92	580	0.000137
93	932	0.000135
94	1529	0.000134
95	207	0.000131
96	158	0.000131
97	1152	0.000131
98	847	0.000128
99	507	0.000127
100	641	0.000127
101	252	0.000126
102	444	0.000123
103	201	0.000122
104	844	0.000122
105	687	0.000120
106	1066	0.000120
107	143	0.000118
108	128	0.000115
109	509	0.000114
110	546	0.000113
111	312	0.000109
112	532	0.000108
113	1057	0.000106
114	1364	0.000104
115	151	0.000104
116	1695	0.000103
117	473	0.000103
118	197	0.000100
119	503	0.000099
120	141	0.000099
121	412	0.000098
122	1610	0.000098
123	716	0.000098
124	21	0.000098
125	223	0.000097
126	826	0.000097
127	990	0.000096
128	174	0.000096
129	1593	0.000093
130	1700	0.000092
131	1543	0.000091
132	445	0.000090
133	308	0.000088
134	415	0.000086
135	385	0.000086
136	219	0.000086
137	23	0.000084
138	329	0.000084
139	506	0.000083
140	724	0.000081
141	264	0.000081
142	1151	0.000080
143	133	0.000079
144	783	0.000079
145	1050	0.000079
146	491	0.000079
147	1059	0.000079
148	1970	0.000079
149	42	0.000078
150	1324	0.000078
151	530	0.000078
152	309	0.000078
153	1606	0.000077
154	420	0.000077
155	328	0.000076
156	598	0.000076
157	501	0.000075
158	918	0.000075
159	1441	0.000074
160	404	0.000074
161	1458	0.000073
162	214	0.000073
163	253	0.000072
164	505	0.000072
165	986	0.000072
166	1592	0.000072
167	630	0.000072
168	1278	0.000072
169	53	0.000071
170	633	0.000071
171	346	0.000069
172	1398	0.000069
173	1082	0.000069
174	583	0.000069
175	160	0.000069
176	163	0.000069
177	658	0.000069
178	310	0.000069
179	1095	0.000067
180	313	0.000067
181	471	0.000067
182	837	0.000067
183	243	0.000067
184	1202	0.000066
185	1108	0.000066
186	855	0.000064
187	155	0.000064
188	205	0.000064
189	1045	0.000064
190	305	0.000064
191	182	0.000063
192	315	0.000063
193	1455	0.000062
194	386	0.000062
195	161	0.000061
196	1161	0.000061
197	213	0.000060
198	957	0.000060
199	689	0.000060
200	345	0.000060
201	1197	0.000059
202	298	0.000059
203	297	0.000058
204	446	0.000058
205	1014	0.000058
206	992	0.000058
207	588	0.000057
208	1603	0.000057
209	1912	0.000057
210	359	0.000057
211	836	0.000057
212	321	0.000056
213	1994	0.000056
214	126	0.000056
215	331	0.000055
216	119	0.000055
217	894	0.000054
218	19	0.000054
219	355	0.000054
220	993	0.000053
221	528	0.000053
222	489	0.000052
223	410	0.000052
224	1159	0.000052
225	1366	0.000051
226	450	0.000051
227	534	0.000051
228	637	0.000050
229	715	0.000050
230	276	0.000050
231	652	0.000050
232	222	0.000050
233	1074	0.000050
234	1081	0.000049
235	79	0.000049
236	1459	0.000048
237	1405	0.000048
238	416	0.000048
239	625	0.000047
240	863	0.000047
241	374	0.000047
242	1158	0.000047
243	838	0.000046
244	370	0.000046
245	50	0.000046
246	307	0.000046
247	527	0.000046
248	1833	0.000046
249	358	0.000045
250	794	0.000045
251	1792	0.000045
252	226	0.000045
253	48	0.000045
254	674	0.000045
255	90	0.000044
256	1609	0.000044
257	538	0.000044
258	215	0.000044
259	500	0.000044
260	480	0.000044
261	622	0.000043
262	1402	0.000043
263	1070	0.000043
264	1196	0.000043
265	156	0.000043
266	153	0.000043
267	147	0.000043
268	176	0.000042
269	1084	0.000042
270	152	0.000042
271	1597	0.000042
272	384	0.000041
273	302	0.000041
274	271	0.000041
275	149	0.000041
276	29	0.000041
277	706	0.000041
278	593	0.000040
279	1701	0.000040
280	921	0.000040
281	574	0.000040
282	1387	0.000039
283	1086	0.000039
284	849	0.000039
285	382	0.000038
286	148	0.000038
287	344	0.000038
288	2087	0.000038
289	212	0.000038
290	234	0.000038
291	631	0.000038
292	356	0.000038
293	2073	0.000037
294	440	0.000037
295	318	0.000037
296	113	0.000037
297	220	0.000037
298	758	0.000037
299	1474	0.000037
300	224	0.000036
301	1546	0.000036
302	248	0.000036
303	1365	0.000036
304	1272	0.000035
305	632	0.000035
306	1547	0.000035
307	15	0.000035
308	98	0.000035
309	373	0.000035
310	186	0.000035
311	391	0.000035
312	722	0.000035
313	1216	0.000034
314	304	0.000034
315	1325	0.000034
316	1068	0.000033
317	595	0.000033
318	389	0.000033
319	208	0.000033
320	853	0.000033
321	77	0.000033
322	589	0.000033
323	1323	0.000033
324	249	0.000033
325	1578	0.000033
326	1726	0.000033
327	1063	0.000032
328	543	0.000032
329	640	0.000032
330	1651	0.000032
331	1379	0.000032
332	1061	0.000032
333	612	0.000032
334	996	0.000031
335	360	0.000031
336	535	0.000031
337	59	0.000031
338	2134	0.000031
339	120	0.000031
340	811	0.000031
341	657	0.000030
342	1043	0.000030
343	470	0.000030
344	611	0.000030
345	591	0.000030
346	701	0.000030
347	884	0.000030
348	39	0.000030
349	353	0.000030
350	320	0.000030
351	999	0.000030
352	1375	0.000030
353	277	0.000030
354	798	0.000029
355	868	0.000029
356	696	0.000029
357	1534	0.000029
358	740	0.000029
359	221	0.000029
360	710	0.000029
361	1055	0.000029
362	1153	0.000029
363	140	0.000029
364	80	0.000029
365	742	0.000029
366	1085	0.000028
367	17	0.000028
368	816	0.000028
369	522	0.000028
370	537	0.000028
371	426	0.000028
372	839	0.000028
373	275	0.000028
374	867	0.000027
375	482	0.000027
376	1054	0.000027
377	81	0.000027
378	183	0.000027
379	1515	0.000027
380	18	0.000026
381	131	0.000026
382	1697	0.000026
383	1394	0.000026
384	339	0.000026
385	69	0.000026
386	447	0.000026
387	150	0.000026
388	873	0.000025
389	448	0.000025
390	1472	0.000025
391	720	0.000025
392	792	0.000025
393	407	0.000025
394	442	0.000025
395	311	0.000025
396	824	0.000025
397	1531	0.000025
398	1804	0.000025
399	101	0.000024
400	654	0.000024
401	52	0.000024
402	533	0.000024
403	1508	0.000024
404	379	0.000024
405	487	0.000024
406	130	0.000024
407	860	0.000024
408	267	0.000024
409	401	0.000024
410	1083	0.000024
411	314	0.000024
412	1017	0.000024
413	545	0.000023
414	393	0.000023
415	512	0.000023
416	1089	0.000023
417	1614	0.000023
418	1782	0.000023
419	548	0.000023
420	1334	0.000023
421	1080	0.000023
422	1393	0.000023
423	477	0.000023
424	121	0.000023
425	316	0.000023
426	284	0.000023
427	336	0.000023
428	945	0.000023
429	1452	0.000023
430	1590	0.000023
431	251	0.000022
432	1145	0.000022
433	30	0.000022
434	1129	0.000022
435	333	0.000022
436	1040	0.000022
437	639	0.000022
438	573	0.000022
439	142	0.000022
440	976	0.000022
441	1548	0.000022
442	2045	0.000022
443	662	0.000022
444	1096	0.000022
445	1707	0.000022
446	330	0.000022
447	705	0.000021
448	369	0.000021
449	397	0.000021
450	246	0.000021
451	468	0.000021
452	343	0.000021
453	649	0.000021
454	600	0.000021
455	38	0.000021
456	1165	0.000021
457	323	0.000021
458	963	0.000021
459	1729	0.000021
460	981	0.000021
461	54	0.000021
462	1585	0.000021
463	129	0.000021
464	1224	0.000021
465	1157	0.000020
466	1372	0.000020
467	2085	0.000020
468	270	0.000020
469	1195	0.000020
470	89	0.000020
471	1809	0.000020
472	1429	0.000020
473	216	0.000020
474	1303	0.000020
475	804	0.000020
476	168	0.000020
477	558	0.000020
478	27	0.000020
479	902	0.000020
480	1198	0.000019
481	417	0.000019
482	898	0.000019
483	578	0.000019
484	135	0.000019
485	854	0.000019
486	1256	0.000019
487	613	0.000019
488	209	0.000019
489	496	0.000019
490	1022	0.000019
491	438	0.000019
492	1025	0.000019
493	1021	0.000019
494	115	0.000018
495	1049	0.000018
496	939	0.000018
497	1465	0.000018
498	1008	0.000018
499	616	0.000018
500	1563	0.000018
501	1170	0.000018
502	925	0.000018
503	905	0.000018
504	1102	0.000018
505	592	0.000018
506	84	0.000018
507	1476	0.000018
508	1242	0.000017
509	1100	0.000017
510	531	0.000017
511	218	0.000017
512	1386	0.000017
513	1453	0.000017
514	1851	0.000017
515	2231	0.000017
516	1114	0.000017
517	175	0.000017
518	1824	0.000017
519	1444	0.000017
520	1125	0.000017
521	1741	0.000017
522	337	0.000017
523	787	0.000017
524	123	0.000017
525	568	0.000017
526	1318	0.000017
527	1137	0.000017
528	193	0.000017
529	233	0.000017
530	1539	0.000017
531	703	0.000016
532	1542	0.000016
533	784	0.000016
534	818	0.000016
535	164	0.000016
536	1498	0.000016
537	46	0.000016
538	1583	0.000016
539	984	0.000016
540	861	0.000016
541	288	0.000016
542	759	0.000016
543	457	0.000016
544	40	0.000016
545	111	0.000016
546	1169	0.000016
547	1569	0.000016
548	418	0.000016
549	525	0.000016
550	1589	0.000016
551	1189	0.000016
552	1164	0.000016
553	187	0.000015
554	154	0.000015
555	1642	0.000015
556	198	0.000015
557	1263	0.000015
558	704	0.000015
559	1397	0.000015
560	892	0.000015
561	1176	0.000015
562	518	0.000015
563	1200	0.000015
564	2075	0.000015
565	324	0.000015
566	1473	0.000015
567	916	0.000015
568	1961	0.000015
569	1207	0.000015
570	258	0.000015
571	1454	0.000015
572	579	0.000015
573	744	0.000015
574	1658	0.000015
575	2007	0.000015
576	911	0.000015
577	1818	0.000015
578	1368	0.000015
579	334	0.000015
580	677	0.000015
581	1139	0.000014
582	707	0.000014
583	1046	0.000014
584	1388	0.000014
585	2139	0.000014
586	510	0.000014
587	1511	0.000014
588	1308	0.000014
589	879	0.000014
590	1047	0.000014
591	1549	0.000014
592	1093	0.000014
593	955	0.000014
594	361	0.000014
595	830	0.000014
596	833	0.000014
597	57	0.000014
598	1724	0.000014
599	1629	0.000014
600	834	0.000014
601	441	0.000014
602	1699	0.000014
603	1728	0.000014
604	688	0.000014
605	977	0.000014
606	41	0.000014
607	340	0.000014
608	876	0.000014
609	683	0.000014
610	1076	0.000014
611	2089	0.000014
612	1350	0.000014
613	494	0.000014
614	26	0.000013
615	31	0.000013
616	870	0.000013
617	92	0.000013
618	886	0.000013
619	2192	0.000013
620	1087	0.000013
621	283	0.000013
622	644	0.000013
623	178	0.000013
624	1475	0.000013
625	672	0.000013
626	414	0.000013
627	1253	0.000013
628	547	0.000013
629	1302	0.000013
630	615	0.000013
631	1463	0.000013
632	594	0.000013
633	723	0.000013
634	513	0.000013
635	890	0.000013
636	1213	0.000013
637	947	0.000013
638	254	0.000013
639	1041	0.000013
640	584	0.000013
641	893	0.000013
642	260	0.000013
643	1246	0.000013
644	1988	0.000013
645	1442	0.000013
646	1657	0.000013
647	1331	0.000013
648	915	0.000012
649	268	0.000012
650	814	0.000012
651	1201	0.000012
652	743	0.000012
653	840	0.000012
654	1406	0.000012
655	575	0.000012
656	2164	0.000012
657	269	0.000012
658	951	0.000012
659	194	0.000012
660	239	0.000012
661	475	0.000012
662	100	0.000012
663	474	0.000012
664	620	0.000012
665	1030	0.000012
666	1058	0.000012
667	68	0.000012
668	230	0.000012
669	185	0.000012
670	895	0.000012
671	348	0.000012
672	293	0.000012
673	1605	0.000012
674	1808	0.000012
675	458	0.000012
676	521	0.000012
677	132	0.000012
678	411	0.000012
679	122	0.000012
680	1669	0.000012
681	402	0.000012
682	656	0.000012
683	240	0.000012
684	294	0.000012
685	1837	0.000012
686	145	0.000012
687	67	0.000012
688	875	0.000012
689	181	0.000012
690	1205	0.000012
691	65	0.000012
692	1462	0.000012
693	1111	0.000012
694	37	0.000011
695	655	0.000011
696	172	0.000011
697	35	0.000011
698	1858	0.000011
699	1199	0.000011
700	352	0.000011
701	1775	0.000011
702	719	0.000011
703	1612	0.000011
704	191	0.000011
705	43	0.000011
706	541	0.000011
707	1664	0.000011
708	663	0.000011
709	872	0.000011
710	265	0.000011
711	1090	0.000011
712	889	0.000011
713	1800	0.000011
714	1510	0.000011
715	1420	0.000011
716	1101	0.000011
717	950	0.000011
718	805	0.000011
719	859	0.000011
720	206	0.000011
721	2019	0.000011
722	1075	0.000011
723	2199	0.000011
724	766	0.000011
725	851	0.000011
726	1632	0.000011
727	86	0.000011
728	1273	0.000010
729	1051	0.000010
730	1928	0.000010
731	1691	0.000010
732	1613	0.000010
733	699	0.000010
734	1509	0.000010
735	1148	0.000010
736	25	0.000010
737	1505	0.000010
738	2144	0.000010
739	278	0.000010
740	803	0.000010
741	1582	0.000010
742	1575	0.000010
743	1690	0.000010
744	2269	0.000010
745	923	0.000010
746	263	0.000010
747	1069	0.000010
748	2020	0.000010
749	388	0.000010
750	1991	0.000010
751	1758	0.000010
752	1618	0.000010
753	117	0.000010
754	1564	0.000010
755	638	0.000010
756	835	0.000010
757	1214	0.000010
758	1042	0.000010
759	570	0.000010
760	1471	0.000010
761	635	0.000010
762	171	0.000010
763	1588	0.000010
764	1094	0.000010
765	1555	0.000010
766	235	0.000010
767	1752	0.000010
768	919	0.000010
769	741	0.000010
770	817	0.000010
771	1840	0.000009
772	729	0.000009
773	36	0.000009
774	636	0.000009
775	1793	0.000009
776	1222	0.000009
777	1866	0.000009
778	1512	0.000009
779	608	0.000009
780	2066	0.000009
781	261	0.000009
782	825	0.000009
783	815	0.000009
784	383	0.000009
785	1343	0.000009
786	1681	0.000009
787	394	0.000009
788	694	0.000009
789	1181	0.000009
790	700	0.000009
791	443	0.000009
792	1873	0.000009
793	845	0.000009
794	2220	0.000009
795	702	0.000009
796	1015	0.000009
797	1155	0.000009
798	1433	0.000009
799	96	0.000009
800	929	0.000009
801	695	0.000009
802	960	0.000009
803	1257	0.000009
804	790	0.000009
805	1579	0.000009
806	569	0.000009
807	49	0.000009
808	1659	0.000009
809	1320	0.000009
810	1294	0.000009
811	1211	0.000009
812	948	0.000009
813	1469	0.000009
814	1903	0.000009
815	610	0.000009
816	1604	0.000009
817	675	0.000009
818	225	0.000009
819	1686	0.000009
820	332	0.000009
821	395	0.000009
822	782	0.000009
823	116	0.000009
824	1172	0.000009
825	1062	0.000009
826	259	0.000009
827	392	0.000009
828	1620	0.000009
829	983	0.000009
830	83	0.000009
831	678	0.000009
832	56	0.000008
833	406	0.000008
834	250	0.000008
835	843	0.000008
836	1109	0.000008
837	1723	0.000008
838	167	0.000008
839	1573	0.000008
840	112	0.000008
841	1182	0.000008
842	108	0.000008
843	1479	0.000008
844	1518	0.000008
845	2006	0.000008
846	1044	0.000008
847	110	0.000008
848	2038	0.000008
849	698	0.000008
850	1271	0.000008
851	200	0.000008
852	885	0.000008
853	286	0.000008
854	1427	0.000008
855	812	0.000008
856	1448	0.000008
857	542	0.000008
858	1097	0.000008
859	571	0.000008
860	904	0.000008
861	1457	0.000008
862	1491	0.000008
863	1227	0.000008
864	488	0.000008
865	257	0.000008
866	238	0.000008
867	888	0.000008
868	553	0.000008
869	159	0.000008
870	423	0.000008
871	483	0.000008
872	2092	0.000008
873	516	0.000008
874	70	0.000008
875	76	0.000008
876	540	0.000008
877	274	0.000008
878	118	0.000008
879	179	0.000008
880	341	0.000008
881	421	0.000008
882	1815	0.000008
883	1445	0.000008
884	1313	0.000008
885	646	0.000008
886	1314	0.000008
887	1329	0.000008
888	245	0.000008
889	1696	0.000008
890	1078	0.000008
891	34	0.000008
892	1225	0.000008
893	72	0.000008
894	607	0.000008
895	1443	0.000008
896	378	0.000008
897	810	0.000007
898	1622	0.000007
899	643	0.000007
900	1001	0.000007
901	1714	0.000007
902	2146	0.000007
903	823	0.000007
904	409	0.000007
905	1123	0.000007
906	1419	0.000007
907	697	0.000007
908	946	0.000007
909	102	0.000007
910	357	0.000007
911	1663	0.000007
912	1221	0.000007
913	1194	0.000007
914	1048	0.000007
915	970	0.000007
916	1747	0.000007
917	1634	0.000007
918	299	0.000007
919	1937	0.000007
920	1392	0.000007
921	1357	0.000007
922	64	0.000007
923	398	0.000007
924	1464	0.000007
925	664	0.000007
926	136	0.000007
927	504	0.000007
928	832	0.000007
929	1128	0.000007
930	1915	0.000007
931	1836	0.000007
932	459	0.000007
933	739	0.000007
934	1914	0.000007
935	1342	0.000007
936	103	0.000007
937	529	0.000007
938	1460	0.000007
939	752	0.000007
940	597	0.000007
941	1359	0.000007
942	413	0.000007
943	897	0.000007
944	2265	0.000007
945	166	0.000007
946	1112	0.000007
947	78	0.000007
948	1504	0.000007
949	82	0.000007
950	777	0.000007
951	347	0.000007
952	1192	0.000007
953	917	0.000007
954	1789	0.000007
955	134	0.000007
956	565	0.000007
957	1270	0.000007
958	403	0.000007
959	146	0.000007
960	1692	0.000007
961	1154	0.000007
962	1440	0.000007
963	33	0.000007
964	682	0.000007
965	371	0.000007
966	306	0.000007
967	738	0.000007
968	2104	0.000007
969	585	0.000007
970	472	0.000007
971	789	0.000007
972	368	0.000007
973	1771	0.000007
974	405	0.000007
975	560	0.000007
976	802	0.000007
977	1228	0.000007
978	1600	0.000007
979	602	0.000007
980	2288	0.000007
981	492	0.000007
982	952	0.000007
983	1894	0.000007
984	1814	0.000007
985	1283	0.000007
986	1929	0.000007
987	566	0.000007
988	927	0.000007
989	1166	0.000007
990	322	0.000007
991	2122	0.000007
992	1910	0.000007
993	903	0.000006
994	1383	0.000006
995	217	0.000006
996	1574	0.000006
997	1110	0.000006
998	32	0.000006
999	1369	0.000006
1000	1923	0.000006
1001	864	0.000006
1002	1378	0.000006
1003	1417	0.000006
1004	1143	0.000006
1005	1794	0.000006
1006	1887	0.000006
1007	1520	0.000006
1008	900	0.000006
1009	1544	0.000006
1010	998	0.000006
1011	1750	0.000006
1012	1091	0.000006
1013	400	0.000006
1014	1745	0.000006
1015	1879	0.000006
1016	1223	0.000006
1017	1576	0.000006
1018	1478	0.000006
1019	144	0.000006
1020	807	0.000006
1021	679	0.000006
1022	1229	0.000006
1023	2084	0.000006
1024	431	0.000006
1025	272	0.000006
1026	1796	0.000006
1027	747	0.000006
1028	2112	0.000006
1029	671	0.000006
1030	1957	0.000006
1031	436	0.000006
1032	1430	0.000006
1033	1705	0.000006
1034	1906	0.000006
1035	1977	0.000006
1036	1541	0.000006
1037	1964	0.000006
1038	1734	0.000006
1039	1770	0.000006
1040	1175	0.000006
1041	980	0.000006
1042	1235	0.000006
1043	1255	0.000006
1044	2204	0.000006
1045	173	0.000006
1046	924	0.000006
1047	1925	0.000006
1048	1497	0.000006
1049	1438	0.000006
1050	2221	0.000006
1051	581	0.000006
1052	1936	0.000006
1053	577	0.000006
1054	756	0.000006
1055	1667	0.000006
1056	1187	0.000006
1057	653	0.000006
1058	1927	0.000006
1059	1868	0.000006
1060	645	0.000006
1061	1428	0.000006
1062	273	0.000006
1063	124	0.000006
1064	1171	0.000006
1065	2024	0.000006
1066	714	0.000006
1067	455	0.000006
1068	1665	0.000006
1069	2263	0.000006
1070	871	0.000006
1071	2167	0.000006
1072	2082	0.000006
1073	1727	0.000006
1074	1679	0.000006
1075	1264	0.000006
1076	2040	0.000006
1077	1408	0.000006
1078	1431	0.000006
1079	1330	0.000006
1080	991	0.000006
1081	1966	0.000006
1082	881	0.000006
1083	1786	0.000006
1084	1825	0.000006
1085	621	0.000006
1086	1208	0.000006
1087	1567	0.000006
1088	691	0.000006
1089	1377	0.000006
1090	1240	0.000006
1091	1877	0.000006
1092	375	0.000005
1093	1468	0.000005
1094	930	0.000005
1095	841	0.000005
1096	189	0.000005
1097	1570	0.000005
1098	1506	0.000005
1099	319	0.000005
1100	973	0.000005
1101	922	0.000005
1102	2035	0.000005
1103	430	0.000005
1104	667	0.000005
1105	552	0.000005
1106	962	0.000005
1107	1400	0.000005
1108	1142	0.000005
1109	1492	0.000005
1110	1389	0.000005
1111	954	0.000005
1112	1425	0.000005
1113	1218	0.000005
1114	1772	0.000005
1115	2216	0.000005
1116	1757	0.000005
1117	28	0.000005
1118	1507	0.000005
1119	177	0.000005
1120	1120	0.000005
1121	670	0.000005
1122	1403	0.000005
1123	891	0.000005
1124	2202	0.000005
1125	1631	0.000005
1126	2083	0.000005
1127	1616	0.000005
1128	2042	0.000005
1129	105	0.000005
1130	1536	0.000005
1131	2090	0.000005
1132	1545	0.000005
1133	1751	0.000005
1134	1938	0.000005
1135	1854	0.000005
1136	95	0.000005
1137	479	0.000005
1138	2069	0.000005
1139	1382	0.000005
1140	485	0.000005
1141	419	0.000005
1142	1720	0.000005
1143	1133	0.000005
1144	765	0.000005
1145	1517	0.000005
1146	801	0.000005
1147	1827	0.000005
1148	380	0.000005
1149	1499	0.000005
1150	755	0.000005
1151	1024	0.000005
1152	1501	0.000005
1153	1140	0.000005
1154	2101	0.000005
1155	289	0.000005
1156	901	0.000005
1157	2017	0.000005
1158	1643	0.000005
1159	831	0.000005
1160	350	0.000005
1161	1212	0.000005
1162	184	0.000005
1163	1817	0.000005
1164	563	0.000005
1165	1878	0.000005
1166	1822	0.000005
1167	928	0.000005
1168	399	0.000005
1169	2219	0.000005
1170	1180	0.000005
1171	1401	0.000005
1172	396	0.000005
1173	1266	0.000005
1174	1719	0.000005
1175	1067	0.000005
1176	1556	0.000005
1177	202	0.000005
1178	795	0.000005
1179	1134	0.000005
1180	1163	0.000005
1181	1415	0.000005
1182	2053	0.000005
1183	551	0.000005
1184	606	0.000005
1185	1328	0.000005
1186	822	0.000005
1187	1144	0.000005
1188	1523	0.000005
1189	1424	0.000005
1190	944	0.000005
1191	1608	0.000005
1192	51	0.000005
1193	1466	0.000005
1194	1756	0.000005
1195	926	0.000005
1196	1535	0.000005
1197	1801	0.000005
1198	2222	0.000005
1199	1660	0.000005
1200	2030	0.000004
1201	1554	0.000004
1202	490	0.000004
1203	1450	0.000004
1204	372	0.000004
1205	1919	0.000004
1206	1776	0.000004
1207	2168	0.000004
1208	1146	0.000004
1209	1138	0.000004
1210	2048	0.000004
1211	1926	0.000004
1212	1666	0.000004
1213	437	0.000004
1214	1124	0.000004
1215	387	0.000004
1216	785	0.000004
1217	1735	0.000004
1218	422	0.000004
1219	582	0.000004
1220	684	0.000004
1221	1088	0.000004
1222	1404	0.000004
1223	170	0.000004
1224	1743	0.000004
1225	292	0.000004
1226	1116	0.000004
1227	211	0.000004
1228	727	0.000004
1229	1077	0.000004
1230	1795	0.000004
1231	1352	0.000004
1232	624	0.000004
1233	1532	0.000004
1234	1888	0.000004
1235	1907	0.000004
1236	659	0.000004
1237	300	0.000004
1238	781	0.000004
1239	1413	0.000004
1240	748	0.000004
1241	576	0.000004
1242	1226	0.000004
1243	1071	0.000004
1244	1581	0.000004
1245	1259	0.000004
1246	587	0.000004
1247	567	0.000004
1248	1414	0.000004
1249	1395	0.000004
1250	1725	0.000004
1251	1806	0.000004
1252	1345	0.000004
1253	106	0.000004
1254	2286	0.000004
1255	1252	0.000004
1256	1862	0.000004
1257	708	0.000004
1258	2088	0.000004
1259	55	0.000004
1260	1483	0.000004
1261	1193	0.000004
1262	2225	0.000004
1263	2137	0.000004
1264	1746	0.000004
1265	327	0.000004
1266	1956	0.000004
1267	564	0.000004
1268	1920	0.000004
1269	1713	0.000004
1270	2108	0.000004
1271	231	0.000004
1272	874	0.000004
1273	749	0.000004
1274	647	0.000004
1275	1844	0.000004
1276	1803	0.000004
1277	669	0.000004
1278	1769	0.000004
1279	1251	0.000004
1280	1315	0.000004
1281	1297	0.000004
1282	1826	0.000004
1283	326	0.000004
1284	2107	0.000004
1285	228	0.000004
1286	1317	0.000004
1287	1053	0.000004
1288	1680	0.000004
1289	107	0.000004
1290	750	0.000004
1291	1275	0.000004
1292	754	0.000004
1293	899	0.000004
1294	1277	0.000004
1295	303	0.000004
1296	842	0.000004
1297	590	0.000004
1298	1953	0.000004
1299	99	0.000004
1300	188	0.000004
1301	241	0.000004
1302	2191	0.000004
1303	1759	0.000004
1304	1160	0.000004
1305	439	0.000004
1306	2153	0.000004
1307	1282	0.000004
1308	2181	0.000004
1309	2180	0.000004
1310	971	0.000004
1311	1326	0.000004
1312	295	0.000004
1313	1038	0.000004
1314	676	0.000004
1315	1130	0.000004
1316	605	0.000004
1317	614	0.000004
1318	764	0.000004
1319	266	0.000004
1320	88	0.000004
1321	989	0.000004
1322	2051	0.000004
1323	949	0.000004
1324	428	0.000004
1325	1232	0.000004
1326	2027	0.000004
1327	424	0.000003
1328	1773	0.000003
1329	1113	0.000003
1330	1481	0.000003
1331	943	0.000003
1332	1340	0.000003
1333	660	0.000003
1334	1147	0.000003
1335	1611	0.000003
1336	2005	0.000003
1337	1865	0.000003
1338	882	0.000003
1339	690	0.000003
1340	1268	0.000003
1341	1489	0.000003
1342	1407	0.000003
1343	236	0.000003
1344	828	0.000003
1345	466	0.000003
1346	1673	0.000003
1347	1381	0.000003
1348	778	0.000003
1349	1121	0.000003
1350	362	0.000003
1351	1540	0.000003
1352	1917	0.000003
1353	2052	0.000003
1354	2016	0.000003
1355	709	0.000003
1356	806	0.000003
1357	1422	0.000003
1358	498	0.000003
1359	1619	0.000003
1360	282	0.000003
1361	1136	0.000003
1362	1688	0.000003
1363	562	0.000003
1364	1984	0.000003
1365	1115	0.000003
1366	1709	0.000003
1367	325	0.000003
1368	1766	0.000003
1369	956	0.000003
1370	497	0.000003
1371	1884	0.000003
1372	1880	0.000003
1373	1020	0.000003
1374	711	0.000003
1375	1304	0.000003
1376	1601	0.000003
1377	975	0.000003
1378	1052	0.000003
1379	1819	0.000003
1380	1156	0.000003
1381	857	0.000003
1382	74	0.000003
1383	469	0.000003
1384	451	0.000003
1385	809	0.000003
1386	1399	0.000003
1387	827	0.000003
1388	1952	0.000003
1389	1191	0.000003
1390	1026	0.000003
1391	883	0.000003
1392	1484	0.000003
1393	1562	0.000003
1394	452	0.000003
1395	502	0.000003
1396	1607	0.000003
1397	2224	0.000003
1398	1519	0.000003
1399	1834	0.000003
1400	1653	0.000003
1401	1385	0.000003
1402	1249	0.000003
1403	1306	0.000003
1404	1960	0.000003
1405	920	0.000003
1406	1677	0.000003
1407	1805	0.000003
1408	1841	0.000003
1409	736	0.000003
1410	1816	0.000003
1411	169	0.000003
1412	1293	0.000003
1413	2114	0.000003
1414	712	0.000003
1415	1380	0.000003
1416	972	0.000003
1417	572	0.000003
1418	2032	0.000003
1419	985	0.000003
1420	425	0.000003
1421	995	0.000003
1422	2018	0.000003
1423	1267	0.000003
1424	1755	0.000003
1425	1850	0.000003
1426	495	0.000003
1427	237	0.000003
1428	2250	0.000003
1429	979	0.000003
1430	1060	0.000003
1431	769	0.000003
1432	2141	0.000003
1433	2025	0.000003
1434	1132	0.000003
1435	1122	0.000003
1436	125	0.000003
1437	1990	0.000003
1438	1654	0.000003
1439	1638	0.000003
1440	449	0.000003
1441	1848	0.000003
1442	693	0.000003
1443	1885	0.000003
1444	791	0.000003
1445	1258	0.000003
1446	2094	0.000003
1447	1630	0.000003
1448	484	0.000003
1449	1900	0.000003
1450	1007	0.000003
1451	1742	0.000003
1452	2270	0.000003
1453	2098	0.000003
1454	2002	0.000003
1455	2123	0.000003
1456	969	0.000003
1457	910	0.000003
1458	349	0.000003
1459	1204	0.000003
1460	1551	0.000003
1461	821	0.000003
1462	1238	0.000003
1463	1099	0.000003
1464	1972	0.000003
1465	1830	0.000003
1466	1823	0.000003
1467	2077	0.000003
1468	2008	0.000003
1469	770	0.000003
1470	1373	0.000003
1471	1524	0.000003
1472	127	0.000003
1473	1955	0.000003
1474	1530	0.000003
1475	2212	0.000003
1476	1781	0.000003
1477	190	0.000003
1478	429	0.000003
1479	1279	0.000003
1480	1637	0.000003
1481	958	0.000003
1482	1797	0.000003
1483	376	0.000003
1484	1571	0.000003
1485	1281	0.000003
1486	47	0.000003
1487	1820	0.000003
1488	2003	0.000003
1489	1987	0.000003
1490	797	0.000003
1491	2229	0.000003
1492	2096	0.000003
1493	1639	0.000003
1494	463	0.000003
1495	24	0.000003
1496	1150	0.000003
1497	1210	0.000003
1498	256	0.000003
1499	1188	0.000003
1500	936	0.000003
1501	1951	0.000003
1502	848	0.000003
1503	91	0.000003
1504	1628	0.000003
1505	623	0.000003
1506	1309	0.000003
1507	1486	0.000003
1508	1092	0.000003
1509	1676	0.000003
1510	1908	0.000003
1511	2076	0.000003
1512	596	0.000003
1513	515	0.000003
1514	685	0.000003
1515	1948	0.000003
1516	813	0.000003
1517	2140	0.000003
1518	2166	0.000003
1519	1502	0.000003
1520	2080	0.000003
1521	1298	0.000003
1522	1661	0.000003
1523	1764	0.000002
1524	1286	0.000002
1525	1335	0.000002
1526	2126	0.000002
1527	1864	0.000002
1528	2142	0.000002
1529	732	0.000002
1530	1219	0.000002
1531	2276	0.000002
1532	157	0.000002
1533	1461	0.000002
1534	1813	0.000002
1535	1993	0.000002
1536	1039	0.000002
1537	520	0.000002
1538	1730	0.000002
1539	255	0.000002
1540	1288	0.000002
1541	1439	0.000002
1542	1215	0.000002
1543	1982	0.000002
1544	1557	0.000002
1545	2057	0.000002
1546	1598	0.000002
1547	1893	0.000002
1548	2041	0.000002
1549	2261	0.000002
1550	1355	0.000002
1551	559	0.000002
1552	555	0.000002
1553	866	0.000002
1554	2128	0.000002
1555	994	0.000002
1556	912	0.000002
1557	717	0.000002
1558	1485	0.000002
1559	953	0.000002
1560	1490	0.000002
1561	2074	0.000002
1562	1363	0.000002
1563	1488	0.000002
1564	1260	0.000002
1565	1341	0.000002
1566	601	0.000002
1567	539	0.000002
1568	2264	0.000002
1569	1986	0.000002
1570	619	0.000002
1571	2059	0.000002
1572	199	0.000002
1573	968	0.000002
1574	1426	0.000002
1575	1983	0.000002
1576	2100	0.000002
1577	2177	0.000002
1578	301	0.000002
1579	180	0.000002
1580	1374	0.000002
1581	1777	0.000002
1582	453	0.000002
1583	1710	0.000002
1584	290	0.000002
1585	2255	0.000002
1586	1274	0.000002
1587	63	0.000002
1588	967	0.000002
1589	914	0.000002
1590	1035	0.000002
1591	1107	0.000002
1592	2240	0.000002
1593	2093	0.000002
1594	1780	0.000002
1595	2001	0.000002
1596	1269	0.000002
1597	887	0.000002
1598	381	0.000002
1599	2044	0.000002
1600	1861	0.000002
1601	66	0.000002
1602	1344	0.000002
1603	2259	0.000002
1604	104	0.000002
1605	788	0.000002
1606	650	0.000002
1607	2214	0.000002
1608	2014	0.000002
1609	978	0.000002
1610	1310	0.000002
1611	44	0.000002
1612	988	0.000002
1613	1874	0.000002
1614	1785	0.000002
1615	367	0.000002
1616	982	0.000002
1617	718	0.000002
1618	291	0.000002
1619	1034	0.000002
1620	1989	0.000002
1621	2217	0.000002
1622	1913	0.000002
1623	2215	0.000002
1624	997	0.000002
1625	45	0.000002
1626	1019	0.000002
1627	1244	0.000002
1628	2067	0.000002
1629	2028	0.000002
1630	1371	0.000002
1631	1300	0.000002
1632	467	0.000002
1633	609	0.000002
1634	735	0.000002
1635	1526	0.000002
1636	1299	0.000002
1637	1685	0.000002
1638	2170	0.000002
1639	2013	0.000002
1640	536	0.000002
1641	1117	0.000002
1642	1131	0.000002
1643	1516	0.000002
1644	87	0.000002
1645	648	0.000002
1646	1126	0.000002
1647	1338	0.000002
1648	1141	0.000002
1649	1231	0.000002
1650	1945	0.000002
1651	460	0.000002
1652	2136	0.000002
1653	93	0.000002
1654	1930	0.000002
1655	1905	0.000002
1656	1537	0.000002
1657	776	0.000002
1658	1976	0.000002
1659	1247	0.000002
1660	462	0.000002
1661	2228	0.000002
1662	1307	0.000002
1663	1882	0.000002
1664	1073	0.000002
1665	2086	0.000002
1666	1285	0.000002
1667	1802	0.000002
1668	1712	0.000002
1669	2213	0.000002
1670	931	0.000002
1671	1647	0.000002
1672	1921	0.000002
1673	1934	0.000002
1674	987	0.000002
1675	1029	0.000002
1676	1514	0.000002
1677	1682	0.000002
1678	757	0.000002
1679	61	0.000002
1680	2050	0.000002
1681	909	0.000002
1682	673	0.000002
1683	192	0.000002
1684	731	0.000002
1685	1004	0.000002
1686	1694	0.000002
1687	2284	0.000002
1688	1683	0.000002
1689	1904	0.000002
1690	1995	0.000002
1691	862	0.000002
1692	493	0.000002
1693	829	0.000002
1694	1753	0.000002
1695	94	0.000002
1696	342	0.000002
1697	476	0.000002
1698	869	0.000002
1699	852	0.000002
1700	2000	0.000002
1701	524	0.000002
1702	1687	0.000002
1703	2239	0.000002
1704	2279	0.000002
1705	109	0.000002
1706	1503	0.000002
1707	1981	0.000002
1708	1698	0.000002
1709	1975	0.000002
1710	965	0.000002
1711	2159	0.000002
1712	760	0.000002
1713	2015	0.000002
1714	2043	0.000002
1715	1416	0.000002
1716	1954	0.000002
1717	1287	0.000002
1718	1965	0.000002
1719	73	0.000002
1720	465	0.000002
1721	1390	0.000002
1722	2163	0.000002
1723	856	0.000002
1724	1768	0.000002
1725	1584	0.000002
1726	2165	0.000002
1727	1899	0.000002
1728	1890	0.000002
1729	1810	0.000002
1730	725	0.000002
1731	961	0.000002
1732	786	0.000002
1733	1487	0.000002
1734	599	0.000002
1735	1843	0.000002
1736	433	0.000002
1737	2254	0.000002
1738	2105	0.000002
1739	2061	0.000002
1740	523	0.000002
1741	2205	0.000002
1742	1254	0.000002
1743	366	0.000002
1744	1652	0.000002
1745	2287	0.000002
1746	772	0.000002
1747	2068	0.000002
1748	2273	0.000002
1749	2138	0.000002
1750	2173	0.000002
1751	1587	0.000002
1752	2110	0.000002
1753	2200	0.000002
1754	2190	0.000002
1755	820	0.000002
1756	1889	0.000002
1757	97	0.000002
1758	1886	0.000002
1759	2171	0.000002
1760	338	0.000002
1761	1602	0.000002
1762	604	0.000002
1763	1999	0.000002
1764	1356	0.000002
1765	2148	0.000002
1766	2060	0.000002
1767	1617	0.000002
1768	880	0.000002
1769	486	0.000002
1770	1321	0.000002
1771	737	0.000002
1772	1855	0.000002
1773	2193	0.000002
1774	1016	0.000002
1775	1316	0.000002
1776	1883	0.000002
1777	2026	0.000002
1778	2039	0.000001
1779	2208	0.000001
1780	1354	0.000001
1781	2012	0.000001
1782	1104	0.000001
1783	666	0.000001
1784	2071	0.000001
1785	1494	0.000001
1786	629	0.000001
1787	2157	0.000001
1788	432	0.000001
1789	626	0.000001
1790	1967	0.000001
1791	1852	0.000001
1792	1446	0.000001
1793	2241	0.000001
1794	1860	0.000001
1795	1037	0.000001
1796	1032	0.000001
1797	1168	0.000001
1798	1621	0.000001
1799	2129	0.000001
1800	1106	0.000001
1801	1558	0.000001
1802	1650	0.000001
1803	1018	0.000001
1804	481	0.000001
1805	427	0.000001
1806	661	0.000001
1807	1787	0.000001
1808	1098	0.000001
1809	204	0.000001
1810	938	0.000001
1811	1396	0.000001
1812	753	0.000001
1813	1353	0.000001
1814	1162	0.000001
1815	762	0.000001
1816	1997	0.000001
1817	1765	0.000001
1818	229	0.000001
1819	1924	0.000001
1820	1594	0.000001
1821	767	0.000001
1822	846	0.000001
1823	617	0.000001
1824	1909	0.000001
1825	1942	0.000001
1826	2283	0.000001
1827	692	0.000001
1828	1662	0.000001
1829	1947	0.000001
1830	281	0.000001
1831	1496	0.000001
1832	603	0.000001
1833	2267	0.000001
1834	1206	0.000001
1835	2097	0.000001
1836	730	0.000001
1837	1103	0.000001
1838	1763	0.000001
1839	2131	0.000001
1840	2036	0.000001
1841	1646	0.000001
1842	1626	0.000001
1843	1376	0.000001
1844	1565	0.000001
1845	2081	0.000001
1846	1812	0.000001
1847	2209	0.000001
1848	2247	0.000001
1849	906	0.000001
1850	1013	0.000001
1851	1992	0.000001
1852	1784	0.000001
1853	1896	0.000001
1854	1623	0.000001
1855	58	0.000001
1856	1538	0.000001
1857	464	0.000001
1858	1265	0.000001
1859	2289	0.000001
1860	461	0.000001
1861	2169	0.000001
1862	796	0.000001
1863	2009	0.000001
1864	964	0.000001
1865	1230	0.000001
1866	773	0.000001
1867	1738	0.000001
1868	1943	0.000001
1869	908	0.000001
1870	1842	0.000001
1871	2152	0.000001
1872	2282	0.000001
1873	2176	0.000001
1874	2055	0.000001
1875	2274	0.000001
1876	1737	0.000001
1877	2285	0.000001
1878	1333	0.000001
1879	1918	0.000001
1880	2266	0.000001
1881	60	0.000001
1882	745	0.000001
1883	1177	0.000001
1884	799	0.000001
1885	244	0.000001
1886	721	0.000001
1887	1807	0.000001
1888	1421	0.000001
1889	364	0.000001
1890	877	0.000001
1891	935	0.000001
1892	1749	0.000001
1893	1859	0.000001
1894	1513	0.000001
1895	2223	0.000001
1896	1480	0.000001
1897	85	0.000001
1898	2132	0.000001
1899	1234	0.000001
1900	114	0.000001
1901	618	0.000001
1902	2188	0.000001
1903	1670	0.000001
1904	232	0.000001
1905	1305	0.000001
1906	1149	0.000001
1907	2182	0.000001
1908	1291	0.000001
1909	478	0.000001
1910	1174	0.000001
1911	1423	0.000001
1912	1577	0.000001
1913	1349	0.000001
1914	793	0.000001
1915	2172	0.000001
1916	1437	0.000001
1917	1337	0.000001
1918	456	0.000001
1919	2218	0.000001
1920	2004	0.000001
1921	775	0.000001
1922	1671	0.000001
1923	734	0.000001
1924	1276	0.000001
1925	913	0.000001
1926	2103	0.000001
1927	1702	0.000001
1928	1119	0.000001
1929	1985	0.000001
1930	1624	0.000001
1931	763	0.000001
1932	1668	0.000001
1933	865	0.000001
1934	377	0.000001
1935	1973	0.000001
1936	1774	0.000001
1937	2065	0.000001
1938	2046	0.000001
1939	2155	0.000001
1940	1178	0.000001
1941	2178	0.000001
1942	1678	0.000001
1943	1969	0.000001
1944	2021	0.000001
1945	1011	0.000001
1946	1674	0.000001
1947	1767	0.000001
1948	1721	0.000001
1949	1974	0.000001
1950	1179	0.000001
1951	1312	0.000001
1952	1284	0.000001
1953	2252	0.000001
1954	2156	0.000001
1955	1645	0.000001
1956	1586	0.000001
1957	800	0.000001
1958	2109	0.000001
1959	2197	0.000001
1960	1410	0.000001
1961	2113	0.000001
1962	2257	0.000001
1963	1409	0.000001
1964	561	0.000001
1965	2099	0.000001
1966	771	0.000001
1967	1717	0.000001
1968	2189	0.000001
1969	71	0.000001
1970	2130	0.000001
1971	1856	0.000001
1972	942	0.000001
1973	686	0.000001
1974	1245	0.000001
1975	1962	0.000001
1976	2251	0.000001
1977	1241	0.000001
1978	1528	0.000001
1979	2070	0.000001
1980	1296	0.000001
1981	1290	0.000001
1982	1493	0.000001
1983	1870	0.000001
1984	1552	0.000001
1985	2271	0.000001
1986	1127	0.000001
1987	966	0.000001
1988	665	0.000001
1989	1733	0.000001
1990	1167	0.000001
1991	554	0.000001
1992	1998	0.000001
1993	1391	0.000001
1994	2161	0.000001
1995	2078	0.000001
1996	435	0.000001
1997	1881	0.000001
1998	1811	0.000001
1999	1447	0.000001
2000	2275	0.000001
2001	1185	0.000001
2002	2206	0.000001
2003	1971	0.000001
2004	1500	0.000001
2005	1023	0.000001
2006	2179	0.000001
2007	2277	0.000001
2008	1675	0.000001
2009	1916	0.000001
2010	365	0.000001
2011	1829	0.000001
2012	1648	0.000001
2013	165	0.000001
2014	1740	0.000001
2015	2278	0.000001
2016	247	0.000001
2017	2243	0.000001
2018	550	0.000001
2019	2238	0.000001
2020	1000	0.000001
2021	1559	0.000001
2022	850	0.000001
2023	519	0.000001
2024	2031	0.000001
2025	1432	0.000001
2026	279	0.000001
2027	2118	0.000001
2028	2237	0.000001
2029	1183	0.000001
2030	1002	0.000001
2031	2054	0.000001
2032	1449	0.000001
2033	1847	0.000001
2034	2037	0.000001
2035	2022	0.000001
2036	1301	0.000001
2037	2049	0.000001
2038	1012	0.000001
2039	1173	0.000001
2040	2230	0.000001
2041	1798	0.000001
2042	1640	0.000001
2043	2256	0.000001
2044	2023	0.000001
2045	2260	0.000001
2046	1435	0.000001
2047	137	0.000001
2048	2106	0.000001
2049	1944	0.000001
2050	1911	0.000001
2051	1849	0.000001
2052	2258	0.000001
2053	2095	0.000001
2054	262	0.000001
2055	1627	0.000001
2056	1979	0.000001
2057	1477	0.000001
2058	2194	0.000001
2059	2195	0.000001
2060	1339	0.000001
2061	1362	0.000001
2062	2120	0.000001
2063	2116	0.000001
2064	2249	0.000001
2065	2150	0.000001
2066	1135	0.000001
2067	1411	0.000001
2068	1184	0.000001
2069	2226	0.000001
2070	2262	0.000001
2071	2135	0.000001
2072	779	0.000001
2073	2154	0.000001
2074	2029	0.000001
2075	1412	0.000001
2076	2253	0.000001
2077	1190	0.000001
2078	2233	0.000001
2079	1791	0.000001
2080	1243	0.000001
2081	1451	0.000001
2082	1779	0.000001
2083	1711	0.000001
2084	1715	0.000001
2085	287	0.000001
2086	1527	0.000001
2087	2124	0.000001
2088	1739	0.000001
2089	858	0.000001
2090	651	0.000001
2091	1028	0.000001
2092	2111	0.000001
2093	1036	0.000001
2094	1799	0.000001
2095	242	0.000001
2096	2248	0.000001
2097	1615	0.000001
2098	285	0.000001
2099	514	0.000001
2100	1853	0.000001
2101	907	0.000001
2102	1872	0.000001
2103	2245	0.000001
2104	1672	0.000001
2105	959	0.000001
2106	1239	0.000001
2107	1236	0.000001
2108	2056	0.000001
2109	819	0.000001
2110	1009	0.000001
2111	2058	0.000001
2112	454	0.000001
2113	1005	0.000001
2114	499	0.000001
2115	1703	0.000001
2116	2174	0.000001
2117	1636	0.000001
2118	354	0.000001
2119	1105	0.000001
2120	1788	0.000001
2121	1384	0.000001
2122	75	0.000001
2123	1898	0.000001
2124	2011	0.000001
2125	2290	0.000001
2126	1693	0.000001
2127	1704	0.000001
2128	2143	0.000001
2129	1783	0.000001
2130	1980	0.000001
2131	680	0.000001
2132	2207	0.000001
2133	556	0.000001
2134	1778	0.000001
2135	1748	0.000001
2136	733	0.000001
2137	1689	0.000001
2138	1525	0.000001
2139	1361	0.000001
2140	1311	0.000001
2141	1006	0.000001
2142	1963	0.000001
2143	768	0.000001
2144	1467	0.000001
2145	544	0.000001
2146	1635	0.000001
2147	1550	0.000001
2148	2162	0.000001
2149	1370	0.000001
2150	1838	0.000001
2151	2227	0.000001
2152	2186	0.000001
2153	1845	0.000001
2154	1891	0.000001
2155	139	0.000001
2156	1867	0.000001
2157	1289	0.000001
2158	1760	0.000001
2159	2145	0.000001
2160	1996	0.000001
2161	1348	0.000001
2162	1828	0.000001
2163	2147	0.000001
2164	2010	0.000001
2165	713	0.000001
2166	1871	0.000001
2167	2158	0.000001
2168	1754	0.000001
2169	2079	0.000001
2170	1495	0.000001
2171	2268	0.000001
2172	1346	0.000000
2173	1027	0.000000
2174	974	0.000000
2175	1233	0.000000
2176	1831	0.000000
2177	1568	0.000000
2178	761	0.000000
2179	1599	0.000000
2180	1839	0.000000
2181	1946	0.000000
2182	1708	0.000000
2183	2047	0.000000
2184	1295	0.000000
2185	1332	0.000000
2186	2272	0.000000
2187	2211	0.000000
2188	2160	0.000000
2189	1649	0.000000
2190	2246	0.000000
2191	1895	0.000000
2192	1901	0.000000
2193	1031	0.000000
2194	1790	0.000000
2195	2091	0.000000
2196	586	0.000000
2197	2198	0.000000
2198	1655	0.000000
2199	681	0.000000
2200	2232	0.000000
2201	2281	0.000000
2202	2242	0.000000
2203	62	0.000000
2204	1706	0.000000
2205	408	0.000000
2206	2072	0.000000
2207	937	0.000000
2208	934	0.000000
2209	746	0.000000
2210	2149	0.000000
2211	280	0.000000
2212	1010	0.000000
2213	2280	0.000000
2214	2235	0.000000
2215	1358	0.000000
2216	2119	0.000000
2217	1351	0.000000
2218	1875	0.000000
2219	933	0.000000
2220	1566	0.000000
2221	2127	0.000000
2222	2236	0.000000
2223	1941	0.000000
2224	1762	0.000000
2225	1521	0.000000
2226	351	0.000000
2227	1560	0.000000
2228	1958	0.000000
2229	1716	0.000000
2230	1931	0.000000
2231	1248	0.000000
2232	1732	0.000000
2233	878	0.000000
2234	1892	0.000000
2235	1922	0.000000
2236	774	0.000000
2237	2117	0.000000
2238	2187	0.000000
2239	2115	0.000000
2240	1319	0.000000
2241	1553	0.000000
2242	1003	0.000000
2243	1280	0.000000
2244	1959	0.000000
2245	2125	0.000000
2246	1633	0.000000
2247	2196	0.000000
2248	1186	0.000000
2249	1933	0.000000
2250	1935	0.000000
2251	2210	0.000000
2252	1876	0.000000
2253	1846	0.000000
2254	1561	0.000000
2255	1684	0.000000
2256	2175	0.000000
2257	2203	0.000000
2258	1327	0.000000
2259	2102	0.000000
2260	2062	0.000000
2261	1821	0.000000
2262	517	0.000000
2263	1118	0.000000
2264	2064	0.000000
2265	1932	0.000000
2266	1744	0.000000
2267	2063	0.000000
2268	2121	0.000000
2269	1336	0.000000
2270	751	0.000000
2271	138	0.000000
2272	2184	0.000000
2273	434	0.000000
2274	1968	0.000000
2275	1863	0.000000
2276	1237	0.000000
2277	1641	0.000000
2278	2201	0.000000
2279	1522	0.000000
2280	1292	0.000000
2281	1718	0.000000
2282	1978	0.000000
2283	1580	0.000000
2284	941	0.000000
2285	1949	0.000000
2286	940	0.000000
2287	1869	0.000000
2288	1596	0.000000
2289	1250	0.000000
2290	363	0.000000
2291	1656	0.000000
2292	1220	0.000000
2293	557	0.000000
2294	1857	0.000000
2295	1950	0.000000
2296	1731	0.000000
2297	1835	0.000000
2298	1434	0.000000
2299	808	0.000000
2300	1832	0.000000
2301	1367	0.000000
2302	1897	0.000000
2303	1595	0.000000
2304	2133	0.000000
2305	1902	0.000000
2306	726	0.000000
2307	1722	0.000000
2308	1482	0.000000
2309	1418	0.000000
2310	2034	0.000000
2311	2033	0.000000
2312	1625	0.000000
2313	2151	0.000000
2314	1761	0.000000
2315	1939	0.000000
2316	780	0.000000
2317	1436	0.000000
2318	1644	0.000000
2319	2183	0.000000
2320	668	0.000000
2321	1347	0.000000
2322	1940	0.000000
2323	1533	0.000000
2324	1033	0.000000
2325	1360	0.000000
2326	2185	0.000000
2327	511	0.000000
2328	2234	0.000000
2329	526	0.000000
2330	All-MS TxPower (dBm)	0.000000
2331	2395	0.000000
2332	2396	0.000000
2333	2397	0.000000
2334	2398	0.000000
2335	2399	0.000000
2336	2400	0.000000
2337	2401	0.000000
2338	2402	0.000000
2339	2403	0.000000
2340	2404	0.000000
2341	2405	0.000000
2342	2406	0.000000
2343	2407	0.000000
2344	2408	0.000000
2345	2409	0.000000
2346	2410	0.000000
2347	2411	0.000000
2348	2394	0.000000
2349	2412	0.000000
2350	2393	0.000000
2351	2391	0.000000
2352	2374	0.000000
2353	2375	0.000000
2354	2376	0.000000
2355	2377	0.000000
2356	2378	0.000000
2357	2379	0.000000
2358	2380	0.000000
2359	2381	0.000000
2360	2382	0.000000
2361	2383	0.000000
2362	2384	0.000000
2363	2385	0.000000
2364	2386	0.000000
2365	2387	0.000000
2366	2388	0.000000
2367	2389	0.000000
2368	2390	0.000000
2369	2392	0.000000
2370	2373	0.000000
2371	2413	0.000000
2372	2415	0.000000
2373	2436	0.000000
2374	2437	0.000000
2375	2438	0.000000
2376	2439	0.000000
2377	2440	0.000000
2378	2441	0.000000
2379	2442	0.000000
2380	All-Neighbor ARFCN (Sorted)[2]	0.000000
2381	All-Neighbor ARFCN (Sorted)[1]	0.000000
2382	All-Neighbor BSIC (Num) (Sorted)[6]	0.000000
2383	All-Neighbor BSIC (Num) (Sorted)[5]	0.000000
2384	All-Neighbor BSIC (Num) (Sorted)[4]	0.000000
2385	All-Neighbor BSIC (Num) (Sorted)[3]	0.000000
2386	All-Neighbor BSIC (Num) (Sorted)[2]	0.000000
2387	All-Neighbor BSIC (Num) (Sorted)[1]	0.000000
2388	All-RxQual Full	0.000000
2389	All-RxQual Sub	0.000000
2390	All-ARFCN BCCH	0.000000
2391	2414	0.000000
2392	2435	0.000000
2393	2433	0.000000
2394	2416	0.000000
2395	2417	0.000000
2396	2418	0.000000
2397	2419	0.000000
2398	2420	0.000000
2399	2421	0.000000
2400	2422	0.000000
2401	2423	0.000000
2402	2424	0.000000
2403	2425	0.000000
2404	2426	0.000000
2405	2427	0.000000
2406	2428	0.000000
2407	2429	0.000000
2408	2430	0.000000
2409	2431	0.000000
2410	2432	0.000000
2411	2434	0.000000
2412	2372	0.000000
2413	2306	0.000000
2414	2370	0.000000
2415	2310	0.000000
2416	2311	0.000000
2417	2312	0.000000
2418	2313	0.000000
2419	2314	0.000000
2420	2315	0.000000
2421	2316	0.000000
2422	2317	0.000000
2423	2318	0.000000
2424	2319	0.000000
2425	2320	0.000000
2426	2321	0.000000
2427	2322	0.000000
2428	2323	0.000000
2429	2324	0.000000
2430	2325	0.000000
2431	2326	0.000000
2432	2309	0.000000
2433	2308	0.000000
2434	2307	0.000000
2435	2305	0.000000
2436	All-Neighbor ARFCN (Sorted)[5]	0.000000
2437	All-Neighbor ARFCN (Sorted)[6]	0.000000
2438	All-Neighbor ARFCN (Sorted)[4]	0.000000
2439	All-Neighbor ARFCN (Sorted)[3]	0.000000
2440	2291	0.000000
2441	2292	0.000000
2442	2293	0.000000
2443	2294	0.000000
2444	2327	0.000000
2445	2295	0.000000
2446	2297	0.000000
2447	2298	0.000000
2448	2299	0.000000
2449	2300	0.000000
2450	2301	0.000000
2451	2302	0.000000
2452	2303	0.000000
2453	2304	0.000000
2454	2296	0.000000
2455	2371	0.000000
2456	2328	0.000000
2457	2330	0.000000
2458	2353	0.000000
2459	2354	0.000000
2460	2355	0.000000
2461	2356	0.000000
2462	2357	0.000000
2463	2358	0.000000
2464	2359	0.000000
2465	2360	0.000000
2466	2361	0.000000
2467	2362	0.000000
2468	2363	0.000000
2469	2364	0.000000
2470	2365	0.000000
2471	2366	0.000000
2472	2367	0.000000
2473	2368	0.000000
2474	2369	0.000000
2475	2352	0.000000
2476	2351	0.000000
2477	2350	0.000000
2478	2349	0.000000
2479	2331	0.000000
2480	2332	0.000000
2481	2333	0.000000
2482	2334	0.000000
2483	2335	0.000000
2484	2336	0.000000
2485	2337	0.000000
2486	2338	0.000000
2487	2329	0.000000
2488	2339	0.000000
2489	2341	0.000000
2490	2342	0.000000
2491	2343	0.000000
2492	2344	0.000000
2493	2345	0.000000
2494	2346	0.000000
2495	2347	0.000000
2496	2348	0.000000
2497	2340	0.000000
2498	All-BSIC (Num)	0.000000

