1	All-Neighbor Cell Id (Sorted)[1]	0.065805
2	28	0.057412
3	latitude	0.055736
4	All-RxLev Full (dBm)	0.053824
5	All-Neighbor LAC (Sorted)[1]	0.052372
6	0	0.051393
7	n_dist	0.049755
8	All-Neighbor RxLev (dBm) (Sorted)[1]	0.049712
9	CI	0.049460
10	All-RxLev Sub (dBm)	0.046430
11	All-Neighbor RxLev (dBm) (Sorted)[3]	0.046397
12	All-Neighbor RxLev (dBm) (Sorted)[6]	0.043889
13	All-Neighbor RxLev (dBm) (Sorted)[2]	0.038188
14	LAC	0.035017
15	All-Neighbor RxLev (dBm) (Sorted)[4]	0.034000
16	pred_lon	0.031863
17	All-Neighbor RxLev (dBm) (Sorted)[5]	0.031509
18	longitude	0.029074
19	n_timegap	0.027305
20	p_timegap	0.027252
21	p_lon	0.025660
22	p_lat	0.023462
23	pred_lat	0.022714
24	All-Neighbor Cell Id (Sorted)[5]	0.010971
25	All-Neighbor Cell Id (Sorted)[4]	0.005450
26	n_lat	0.004707
27	All-Neighbor LAC (Sorted)[6]	0.003517
28	All-Neighbor Cell Id (Sorted)[6]	0.003094
29	n_angle	0.003071
30	All-Neighbor LAC (Sorted)[3]	0.002903
31	All-Neighbor LAC (Sorted)[4]	0.002651
32	All-Neighbor LAC (Sorted)[2]	0.002165
33	p_angle	0.001888
34	p_dist	0.001881
35	n_speed	0.001817
36	n_lon	0.001363
37	All-Neighbor Cell Id (Sorted)[3]	0.001142
38	All-Neighbor Cell Id (Sorted)[2]	0.001137
39	8	0.000878
40	1	0.000859
41	29	0.000832
42	p_speed	0.000272
43	All-Neighbor LAC (Sorted)[5]	0.000130
44	9	0.000109
45	20	0.000056
46	682	0.000049
47	759	0.000049
48	15	0.000048
49	16	0.000044
50	19	0.000040
51	4	0.000039
52	13	0.000037
53	11	0.000037
54	10	0.000035
55	6	0.000035
56	1173	0.000035
57	5	0.000032
58	7	0.000028
59	12	0.000025
60	21	0.000024
61	17	0.000022
62	2	0.000021
63	745	0.000016
64	14	0.000014
65	3	0.000011
66	18	0.000011
67	1172	0.000009
68	760	0.000006
69	23	0.000006
70	747	0.000005
71	283	0.000005
72	1194	0.000005
73	808	0.000005
74	1174	0.000005
75	769	0.000004
76	106	0.000004
77	147	0.000003
78	73	0.000003
79	1129	0.000003
80	274	0.000003
81	287	0.000002
82	289	0.000002
83	716	0.000002
84	278	0.000002
85	286	0.000002
86	670	0.000002
87	871	0.000002
88	24	0.000002
89	437	0.000002
90	815	0.000002
91	749	0.000002
92	560	0.000002
93	181	0.000002
94	313	0.000002
95	683	0.000001
96	460	0.000001
97	280	0.000001
98	534	0.000001
99	591	0.000001
100	870	0.000001
101	41	0.000001
102	436	0.000001
103	25	0.000001
104	30	0.000001
105	292	0.000001
106	667	0.000001
107	165	0.000001
108	717	0.000001
109	177	0.000001
110	371	0.000001
111	592	0.000001
112	32	0.000001
113	458	0.000001
114	746	0.000001
115	297	0.000001
116	1171	0.000001
117	547	0.000001
118	360	0.000001
119	398	0.000001
120	588	0.000001
121	878	0.000001
122	404	0.000001
123	81	0.000001
124	803	0.000001
125	182	0.000001
126	550	0.000001
127	439	0.000001
128	1123	0.000001
129	551	0.000001
130	812	0.000001
131	317	0.000001
132	564	0.000001
133	428	0.000001
134	818	0.000001
135	677	0.000001
136	255	0.000001
137	1127	0.000001
138	410	0.000001
139	294	0.000001
140	471	0.000001
141	544	0.000001
142	875	0.000001
143	298	0.000001
144	849	0.000001
145	956	0.000001
146	1125	0.000001
147	821	0.000001
148	578	0.000001
149	36	0.000001
150	1144	0.000001
151	584	0.000001
152	311	0.000001
153	751	0.000001
154	451	0.000001
155	270	0.000001
156	665	0.000001
157	454	0.000001
158	334	0.000000
159	150	0.000000
160	512	0.000000
161	82	0.000000
162	355	0.000000
163	807	0.000000
164	299	0.000000
165	31	0.000000
166	464	0.000000
167	406	0.000000
168	434	0.000000
169	285	0.000000
170	621	0.000000
171	276	0.000000
172	121	0.000000
173	248	0.000000
174	1221	0.000000
175	622	0.000000
176	343	0.000000
177	85	0.000000
178	965	0.000000
179	275	0.000000
180	300	0.000000
181	813	0.000000
182	509	0.000000
183	45	0.000000
184	671	0.000000
185	1081	0.000000
186	1063	0.000000
187	279	0.000000
188	572	0.000000
189	74	0.000000
190	922	0.000000
191	1105	0.000000
192	77	0.000000
193	707	0.000000
194	450	0.000000
195	494	0.000000
196	75	0.000000
197	295	0.000000
198	232	0.000000
199	388	0.000000
200	148	0.000000
201	552	0.000000
202	715	0.000000
203	318	0.000000
204	400	0.000000
205	462	0.000000
206	22	0.000000
207	83	0.000000
208	149	0.000000
209	144	0.000000
210	766	0.000000
211	282	0.000000
212	156	0.000000
213	1097	0.000000
214	1024	0.000000
215	231	0.000000
216	78	0.000000
217	185	0.000000
218	424	0.000000
219	575	0.000000
220	666	0.000000
221	247	0.000000
222	26	0.000000
223	186	0.000000
224	204	0.000000
225	674	0.000000
226	226	0.000000
227	291	0.000000
228	254	0.000000
229	930	0.000000
230	1224	0.000000
231	195	0.000000
232	889	0.000000
233	456	0.000000
234	202	0.000000
235	1175	0.000000
236	980	0.000000
237	877	0.000000
238	151	0.000000
239	866	0.000000
240	1143	0.000000
241	416	0.000000
242	301	0.000000
243	69	0.000000
244	879	0.000000
245	100	0.000000
246	890	0.000000
247	209	0.000000
248	152	0.000000
249	430	0.000000
250	623	0.000000
251	565	0.000000
252	567	0.000000
253	874	0.000000
254	1059	0.000000
255	554	0.000000
256	268	0.000000
257	524	0.000000
258	264	0.000000
259	538	0.000000
260	110	0.000000
261	537	0.000000
262	90	0.000000
263	293	0.000000
264	811	0.000000
265	164	0.000000
266	189	0.000000
267	409	0.000000
268	79	0.000000
269	885	0.000000
270	184	0.000000
271	778	0.000000
272	969	0.000000
273	314	0.000000
274	1112	0.000000
275	680	0.000000
276	644	0.000000
277	672	0.000000
278	837	0.000000
279	435	0.000000
280	1145	0.000000
281	1141	0.000000
282	806	0.000000
283	51	0.000000
284	431	0.000000
285	1234	0.000000
286	455	0.000000
287	490	0.000000
288	1222	0.000000
289	369	0.000000
290	80	0.000000
291	1109	0.000000
292	750	0.000000
293	145	0.000000
294	864	0.000000
295	316	0.000000
296	1243	0.000000
297	108	0.000000
298	994	0.000000
299	1168	0.000000
300	155	0.000000
301	461	0.000000
302	55	0.000000
303	481	0.000000
304	241	0.000000
305	221	0.000000
306	873	0.000000
307	162	0.000000
308	414	0.000000
309	167	0.000000
310	556	0.000000
311	1126	0.000000
312	724	0.000000
313	587	0.000000
314	859	0.000000
315	50	0.000000
316	668	0.000000
317	558	0.000000
318	457	0.000000
319	129	0.000000
320	709	0.000000
321	146	0.000000
322	617	0.000000
323	173	0.000000
324	586	0.000000
325	886	0.000000
326	281	0.000000
327	669	0.000000
328	761	0.000000
329	46	0.000000
330	1078	0.000000
331	1199	0.000000
332	76	0.000000
333	38	0.000000
334	367	0.000000
335	820	0.000000
336	66	0.000000
337	112	0.000000
338	600	0.000000
339	618	0.000000
340	259	0.000000
341	506	0.000000
342	452	0.000000
343	417	0.000000
344	387	0.000000
345	440	0.000000
346	1140	0.000000
347	271	0.000000
348	881	0.000000
349	676	0.000000
350	744	0.000000
351	337	0.000000
352	525	0.000000
353	422	0.000000
354	570	0.000000
355	1142	0.000000
356	579	0.000000
357	703	0.000000
358	801	0.000000
359	389	0.000000
360	1153	0.000000
361	863	0.000000
362	868	0.000000
363	651	0.000000
364	433	0.000000
365	362	0.000000
366	809	0.000000
367	421	0.000000
368	302	0.000000
369	359	0.000000
370	467	0.000000
371	115	0.000000
372	522	0.000000
373	219	0.000000
374	1039	0.000000
375	473	0.000000
376	1029	0.000000
377	315	0.000000
378	629	0.000000
379	493	0.000000
380	1128	0.000000
381	153	0.000000
382	1009	0.000000
383	504	0.000000
384	120	0.000000
385	740	0.000000
386	736	0.000000
387	831	0.000000
388	273	0.000000
389	788	0.000000
390	867	0.000000
391	44	0.000000
392	643	0.000000
393	528	0.000000
394	198	0.000000
395	336	0.000000
396	43	0.000000
397	1106	0.000000
398	96	0.000000
399	260	0.000000
400	1102	0.000000
401	620	0.000000
402	822	0.000000
403	705	0.000000
404	444	0.000000
405	943	0.000000
406	1027	0.000000
407	71	0.000000
408	59	0.000000
409	480	0.000000
410	1120	0.000000
411	1237	0.000000
412	463	0.000000
413	857	0.000000
414	474	0.000000
415	1177	0.000000
416	1057	0.000000
417	403	0.000000
418	206	0.000000
419	636	0.000000
420	224	0.000000
421	1083	0.000000
422	691	0.000000
423	876	0.000000
424	154	0.000000
425	459	0.000000
426	58	0.000000
427	986	0.000000
428	1227	0.000000
429	269	0.000000
430	453	0.000000
431	1239	0.000000
432	375	0.000000
433	510	0.000000
434	590	0.000000
435	624	0.000000
436	210	0.000000
437	339	0.000000
438	476	0.000000
439	356	0.000000
440	157	0.000000
441	800	0.000000
442	794	0.000000
443	223	0.000000
444	166	0.000000
445	581	0.000000
446	56	0.000000
447	304	0.000000
448	596	0.000000
449	132	0.000000
450	625	0.000000
451	1216	0.000000
452	530	0.000000
453	1040	0.000000
454	936	0.000000
455	566	0.000000
456	884	0.000000
457	1013	0.000000
458	131	0.000000
459	1207	0.000000
460	344	0.000000
461	466	0.000000
462	1245	0.000000
463	230	0.000000
464	228	0.000000
465	143	0.000000
466	689	0.000000
467	307	0.000000
468	932	0.000000
469	1101	0.000000
470	698	0.000000
471	954	0.000000
472	543	0.000000
473	693	0.000000
474	684	0.000000
475	762	0.000000
476	681	0.000000
477	817	0.000000
478	553	0.000000
479	384	0.000000
480	673	0.000000
481	633	0.000000
482	432	0.000000
483	242	0.000000
484	891	0.000000
485	446	0.000000
486	169	0.000000
487	175	0.000000
488	1197	0.000000
489	114	0.000000
490	819	0.000000
491	234	0.000000
492	895	0.000000
493	561	0.000000
494	396	0.000000
495	267	0.000000
496	208	0.000000
497	664	0.000000
498	987	0.000000
499	1223	0.000000
500	34	0.000000
501	557	0.000000
502	834	0.000000
503	193	0.000000
504	1250	0.000000
505	49	0.000000
506	98	0.000000
507	239	0.000000
508	65	0.000000
509	555	0.000000
510	1156	0.000000
511	627	0.000000
512	679	0.000000
513	111	0.000000
514	755	0.000000
515	205	0.000000
516	349	0.000000
517	445	0.000000
518	1074	0.000000
519	1034	0.000000
520	1138	0.000000
521	850	0.000000
522	505	0.000000
523	685	0.000000
524	368	0.000000
525	380	0.000000
526	354	0.000000
527	1132	0.000000
528	515	0.000000
529	320	0.000000
530	518	0.000000
531	799	0.000000
532	541	0.000000
533	690	0.000000
534	199	0.000000
535	513	0.000000
536	1166	0.000000
537	861	0.000000
538	816	0.000000
539	191	0.000000
540	937	0.000000
541	1246	0.000000
542	88	0.000000
543	383	0.000000
544	508	0.000000
545	427	0.000000
546	101	0.000000
547	721	0.000000
548	158	0.000000
549	331	0.000000
550	514	0.000000
551	916	0.000000
552	696	0.000000
553	882	0.000000
554	176	0.000000
555	441	0.000000
556	742	0.000000
557	284	0.000000
558	240	0.000000
559	308	0.000000
560	1181	0.000000
561	639	0.000000
562	548	0.000000
563	348	0.000000
564	535	0.000000
565	756	0.000000
566	48	0.000000
567	288	0.000000
568	735	0.000000
569	1124	0.000000
570	438	0.000000
571	883	0.000000
572	401	0.000000
573	611	0.000000
574	426	0.000000
575	196	0.000000
576	997	0.000000
577	1041	0.000000
578	306	0.000000
579	708	0.000000
580	687	0.000000
581	539	0.000000
582	758	0.000000
583	847	0.000000
584	888	0.000000
585	244	0.000000
586	869	0.000000
587	602	0.000000
588	465	0.000000
589	729	0.000000
590	933	0.000000
591	880	0.000000
592	619	0.000000
593	1220	0.000000
594	833	0.000000
595	290	0.000000
596	1061	0.000000
597	1235	0.000000
598	722	0.000000
599	714	0.000000
600	542	0.000000
601	970	0.000000
602	1137	0.000000
603	1060	0.000000
604	113	0.000000
605	1047	0.000000
606	390	0.000000
607	835	0.000000
608	694	0.000000
609	251	0.000000
610	468	0.000000
611	862	0.000000
612	511	0.000000
613	252	0.000000
614	1219	0.000000
615	411	0.000000
616	237	0.000000
617	1028	0.000000
618	358	0.000000
619	1151	0.000000
620	309	0.000000
621	325	0.000000
622	939	0.000000
623	926	0.000000
624	361	0.000000
625	1242	0.000000
626	710	0.000000
627	695	0.000000
628	423	0.000000
629	42	0.000000
630	582	0.000000
631	546	0.000000
632	723	0.000000
633	580	0.000000
634	321	0.000000
635	1135	0.000000
636	1056	0.000000
637	793	0.000000
638	686	0.000000
639	945	0.000000
640	1178	0.000000
641	1191	0.000000
642	790	0.000000
643	1088	0.000000
644	35	0.000000
645	830	0.000000
646	638	0.000000
647	1241	0.000000
648	499	0.000000
649	1005	0.000000
650	1155	0.000000
651	675	0.000000
652	912	0.000000
653	631	0.000000
654	1117	0.000000
655	67	0.000000
656	99	0.000000
657	779	0.000000
658	1021	0.000000
659	482	0.000000
660	391	0.000000
661	192	0.000000
662	1114	0.000000
663	330	0.000000
664	519	0.000000
665	1261	0.000000
666	993	0.000000
667	332	0.000000
668	1204	0.000000
669	798	0.000000
670	180	0.000000
671	305	0.000000
672	712	0.000000
673	312	0.000000
674	168	0.000000
675	249	0.000000
676	944	0.000000
677	68	0.000000
678	814	0.000000
679	1217	0.000000
680	402	0.000000
681	225	0.000000
682	258	0.000000
683	1010	0.000000
684	661	0.000000
685	47	0.000000
686	303	0.000000
687	929	0.000000
688	823	0.000000
689	183	0.000000
690	1226	0.000000
691	329	0.000000
692	569	0.000000
693	84	0.000000
694	172	0.000000
695	472	0.000000
696	906	0.000000
697	1008	0.000000
698	872	0.000000
699	117	0.000000
700	516	0.000000
701	328	0.000000
702	583	0.000000
703	413	0.000000
704	713	0.000000
705	86	0.000000
706	377	0.000000
707	963	0.000000
708	296	0.000000
709	892	0.000000
710	489	0.000000
711	901	0.000000
712	33	0.000000
713	352	0.000000
714	385	0.000000
715	1267	0.000000
716	585	0.000000
717	635	0.000000
718	233	0.000000
719	647	0.000000
720	911	0.000000
721	992	0.000000
722	1228	0.000000
723	364	0.000000
724	1146	0.000000
725	1210	0.000000
726	824	0.000000
727	827	0.000000
728	1258	0.000000
729	53	0.000000
730	768	0.000000
731	652	0.000000
732	748	0.000000
733	839	0.000000
734	792	0.000000
735	1062	0.000000
736	70	0.000000
737	130	0.000000
738	699	0.000000
739	351	0.000000
740	856	0.000000
741	1015	0.000000
742	1066	0.000000
743	598	0.000000
744	545	0.000000
745	310	0.000000
746	222	0.000000
747	805	0.000000
748	393	0.000000
749	109	0.000000
750	1257	0.000000
751	597	0.000000
752	523	0.000000
753	1162	0.000000
754	810	0.000000
755	828	0.000000
756	688	0.000000
757	1225	0.000000
758	345	0.000000
759	1214	0.000000
760	826	0.000000
761	399	0.000000
762	138	0.000000
763	1067	0.000000
764	982	0.000000
765	502	0.000000
766	893	0.000000
767	1233	0.000000
768	1231	0.000000
769	574	0.000000
770	443	0.000000
771	950	0.000000
772	613	0.000000
773	386	0.000000
774	1017	0.000000
775	738	0.000000
776	1045	0.000000
777	604	0.000000
778	700	0.000000
779	179	0.000000
780	1038	0.000000
781	773	0.000000
782	64	0.000000
783	134	0.000000
784	921	0.000000
785	858	0.000000
786	960	0.000000
787	654	0.000000
788	485	0.000000
789	161	0.000000
790	780	0.000000
791	739	0.000000
792	97	0.000000
793	628	0.000000
794	648	0.000000
795	405	0.000000
796	520	0.000000
797	412	0.000000
798	442	0.000000
799	601	0.000000
800	752	0.000000
801	1033	0.000000
802	1113	0.000000
803	1202	0.000000
804	573	0.000000
805	1152	0.000000
806	1209	0.000000
807	123	0.000000
808	1077	0.000000
809	197	0.000000
810	136	0.000000
811	843	0.000000
812	159	0.000000
813	200	0.000000
814	1069	0.000000
815	961	0.000000
816	174	0.000000
817	1266	0.000000
818	105	0.000000
819	141	0.000000
820	832	0.000000
821	170	0.000000
822	1240	0.000000
823	366	0.000000
824	1164	0.000000
825	733	0.000000
826	503	0.000000
827	217	0.000000
828	988	0.000000
829	1035	0.000000
830	845	0.000000
831	1070	0.000000
832	1263	0.000000
833	52	0.000000
834	1058	0.000000
835	1019	0.000000
836	1065	0.000000
837	797	0.000000
838	1131	0.000000
839	420	0.000000
840	743	0.000000
841	322	0.000000
842	951	0.000000
843	1236	0.000000
844	1185	0.000000
845	363	0.000000
846	972	0.000000
847	718	0.000000
848	72	0.000000
849	1122	0.000000
850	975	0.000000
851	407	0.000000
852	923	0.000000
853	913	0.000000
854	57	0.000000
855	947	0.000000
856	1091	0.000000
857	500	0.000000
858	272	0.000000
859	789	0.000000
860	1247	0.000000
861	220	0.000000
862	727	0.000000
863	771	0.000000
864	160	0.000000
865	865	0.000000
866	983	0.000000
867	256	0.000000
868	521	0.000000
869	1215	0.000000
870	642	0.000000
871	1121	0.000000
872	94	0.000000
873	102	0.000000
874	1115	0.000000
875	971	0.000000
876	887	0.000000
877	1139	0.000000
878	995	0.000000
879	448	0.000000
880	395	0.000000
881	1031	0.000000
882	163	0.000000
883	1076	0.000000
884	62	0.000000
885	87	0.000000
886	1244	0.000000
887	1023	0.000000
888	678	0.000000
889	1130	0.000000
890	1148	0.000000
891	1068	0.000000
892	1025	0.000000
893	425	0.000000
894	1100	0.000000
895	1150	0.000000
896	118	0.000000
897	1075	0.000000
898	609	0.000000
899	517	0.000000
900	397	0.000000
901	126	0.000000
902	846	0.000000
903	119	0.000000
904	663	0.000000
905	549	0.000000
906	491	0.000000
907	1206	0.000000
908	137	0.000000
909	392	0.000000
910	243	0.000000
911	948	0.000000
912	719	0.000000
913	501	0.000000
914	188	0.000000
915	655	0.000000
916	1133	0.000000
917	938	0.000000
918	898	0.000000
919	795	0.000000
920	1201	0.000000
921	1255	0.000000
922	907	0.000000
923	802	0.000000
924	626	0.000000
925	728	0.000000
926	250	0.000000
927	449	0.000000
928	981	0.000000
929	706	0.000000
930	763	0.000000
931	1043	0.000000
932	265	0.000000
933	1176	0.000000
934	692	0.000000
935	608	0.000000
936	477	0.000000
937	319	0.000000
938	559	0.000000
939	540	0.000000
940	1167	0.000000
941	1064	0.000000
942	1082	0.000000
943	711	0.000000
944	577	0.000000
945	187	0.000000
946	1116	0.000000
947	1211	0.000000
948	1036	0.000000
949	1212	0.000000
950	1260	0.000000
951	1187	0.000000
952	1259	0.000000
953	1037	0.000000
954	194	0.000000
955	408	0.000000
956	825	0.000000
957	1030	0.000000
958	277	0.000000
959	908	0.000000
960	634	0.000000
961	415	0.000000
962	562	0.000000
963	1170	0.000000
964	492	0.000000
965	640	0.000000
966	1248	0.000000
967	606	0.000000
968	1203	0.000000
969	649	0.000000
970	605	0.000000
971	1180	0.000000
972	1000	0.000000
973	357	0.000000
974	526	0.000000
975	125	0.000000
976	483	0.000000
977	341	0.000000
978	1111	0.000000
979	340	0.000000
980	946	0.000000
981	235	0.000000
982	203	0.000000
983	927	0.000000
984	263	0.000000
985	1149	0.000000
986	1072	0.000000
987	1084	0.000000
988	215	0.000000
989	637	0.000000
990	782	0.000000
991	918	0.000000
992	486	0.000000
993	767	0.000000
994	246	0.000000
995	418	0.000000
996	841	0.000000
997	934	0.000000
998	804	0.000000
999	227	0.000000
1000	326	0.000000
1001	338	0.000000
1002	754	0.000000
1003	207	0.000000
1004	942	0.000000
1005	479	0.000000
1006	1051	0.000000
1007	589	0.000000
1008	977	0.000000
1009	37	0.000000
1010	645	0.000000
1011	697	0.000000
1012	91	0.000000
1013	346	0.000000
1014	978	0.000000
1015	658	0.000000
1016	1104	0.000000
1017	1147	0.000000
1018	1179	0.000000
1019	650	0.000000
1020	1136	0.000000
1021	1018	0.000000
1022	378	0.000000
1023	497	0.000000
1024	382	0.000000
1025	171	0.000000
1026	495	0.000000
1027	753	0.000000
1028	419	0.000000
1029	656	0.000000
1030	941	0.000000
1031	968	0.000000
1032	964	0.000000
1033	959	0.000000
1034	1079	0.000000
1035	104	0.000000
1036	201	0.000000
1037	702	0.000000
1038	1107	0.000000
1039	737	0.000000
1040	783	0.000000
1041	1230	0.000000
1042	985	0.000000
1043	720	0.000000
1044	775	0.000000
1045	976	0.000000
1046	842	0.000000
1047	1092	0.000000
1048	469	0.000000
1049	133	0.000000
1050	931	0.000000
1051	1256	0.000000
1052	335	0.000000
1053	1218	0.000000
1054	89	0.000000
1055	1183	0.000000
1056	1080	0.000000
1057	991	0.000000
1058	103	0.000000
1059	324	0.000000
1060	95	0.000000
1061	245	0.000000
1062	910	0.000000
1063	899	0.000000
1064	660	0.000000
1065	54	0.000000
1066	527	0.000000
1067	917	0.000000
1068	1089	0.000000
1069	915	0.000000
1070	1238	0.000000
1071	952	0.000000
1072	615	0.000000
1073	1016	0.000000
1074	135	0.000000
1075	178	0.000000
1076	216	0.000000
1077	327	0.000000
1078	1006	0.000000
1079	470	0.000000
1080	603	0.000000
1081	1108	0.000000
1082	1134	0.000000
1083	1165	0.000000
1084	576	0.000000
1085	999	0.000000
1086	1054	0.000000
1087	998	0.000000
1088	949	0.000000
1089	732	0.000000
1090	1093	0.000000
1091	447	0.000000
1092	475	0.000000
1093	487	0.000000
1094	785	0.000000
1095	1229	0.000000
1096	1200	0.000000
1097	1103	0.000000
1098	772	0.000000
1099	925	0.000000
1100	60	0.000000
1101	536	0.000000
1102	1232	0.000000
1103	919	0.000000
1104	39	0.000000
1105	844	0.000000
1106	1098	0.000000
1107	641	0.000000
1108	266	0.000000
1109	532	0.000000
1110	1161	0.000000
1111	909	0.000000
1112	1085	0.000000
1113	533	0.000000
1114	787	0.000000
1115	770	0.000000
1116	333	0.000000
1117	394	0.000000
1118	1048	0.000000
1119	63	0.000000
1120	757	0.000000
1121	379	0.000000
1122	967	0.000000
1123	484	0.000000
1124	1026	0.000000
1125	662	0.000000
1126	381	0.000000
1127	957	0.000000
1128	726	0.000000
1129	903	0.000000
1130	848	0.000000
1131	1011	0.000000
1132	784	0.000000
1133	93	0.000000
1134	1014	0.000000
1135	1262	0.000000
1136	989	0.000000
1137	1160	0.000000
1138	610	0.000000
1139	262	0.000000
1140	372	0.000000
1141	1012	0.000000
1142	776	0.000000
1143	838	0.000000
1144	1002	0.000000
1145	124	0.000000
1146	142	0.000000
1147	990	0.000000
1148	1205	0.000000
1149	595	0.000000
1150	774	0.000000
1151	607	0.000000
1152	347	0.000000
1153	786	0.000000
1154	1001	0.000000
1155	353	0.000000
1156	914	0.000000
1157	1053	0.000000
1158	657	0.000000
1159	563	0.000000
1160	1195	0.000000
1161	741	0.000000
1162	829	0.000000
1163	836	0.000000
1164	973	0.000000
1165	701	0.000000
1166	342	0.000000
1167	61	0.000000
1168	365	0.000000
1169	840	0.000000
1170	571	0.000000
1171	568	0.000000
1172	1154	0.000000
1173	855	0.000000
1174	350	0.000000
1175	852	0.000000
1176	935	0.000000
1177	653	0.000000
1178	630	0.000000
1179	1095	0.000000
1180	781	0.000000
1181	765	0.000000
1182	1049	0.000000
1183	897	0.000000
1184	92	0.000000
1185	376	0.000000
1186	1071	0.000000
1187	429	0.000000
1188	1186	0.000000
1189	1189	0.000000
1190	1190	0.000000
1191	107	0.000000
1192	616	0.000000
1193	646	0.000000
1194	851	0.000000
1195	1090	0.000000
1196	478	0.000000
1197	1042	0.000000
1198	1251	0.000000
1199	374	0.000000
1200	979	0.000000
1201	218	0.000000
1202	323	0.000000
1203	894	0.000000
1204	122	0.000000
1205	116	0.000000
1206	1096	0.000000
1207	1249	0.000000
1208	1073	0.000000
1209	1184	0.000000
1210	1052	0.000000
1211	1020	0.000000
1212	860	0.000000
1213	896	0.000000
1214	730	0.000000
1215	190	0.000000
1216	632	0.000000
1217	996	0.000000
1218	1158	0.000000
1219	1086	0.000000
1220	127	0.000000
1221	924	0.000000
1222	1119	0.000000
1223	599	0.000000
1224	1099	0.000000
1225	659	0.000000
1226	791	0.000000
1227	1159	0.000000
1228	236	0.000000
1229	128	0.000000
1230	1169	0.000000
1231	1110	0.000000
1232	507	0.000000
1233	593	0.000000
1234	1044	0.000000
1235	614	0.000000
1236	612	0.000000
1237	498	0.000000
1238	796	0.000000
1239	1196	0.000000
1240	1118	0.000000
1241	904	0.000000
1242	488	0.000000
1243	1213	0.000000
1244	853	0.000000
1245	229	0.000000
1246	1265	0.000000
1247	928	0.000000
1248	1087	0.000000
1249	1046	0.000000
1250	1253	0.000000
1251	704	0.000000
1252	211	0.000000
1253	140	0.000000
1254	40	0.000000
1255	1208	0.000000
1256	966	0.000000
1257	962	0.000000
1258	594	0.000000
1259	953	0.000000
1260	253	0.000000
1261	955	0.000000
1262	257	0.000000
1263	902	0.000000
1264	854	0.000000
1265	984	0.000000
1266	1182	0.000000
1267	777	0.000000
1268	1188	0.000000
1269	1157	0.000000
1270	213	0.000000
1271	764	0.000000
1272	238	0.000000
1273	370	0.000000
1274	496	0.000000
1275	974	0.000000
1276	139	0.000000
1277	1198	0.000000
1278	214	0.000000
1279	1163	0.000000
1280	900	0.000000
1281	1254	0.000000
1282	734	0.000000
1283	958	0.000000
1284	1192	0.000000
1285	940	0.000000
1286	1022	0.000000
1287	261	0.000000
1288	1055	0.000000
1289	1004	0.000000
1290	1094	0.000000
1291	1003	0.000000
1292	731	0.000000
1293	1050	0.000000
1294	212	0.000000
1295	1193	0.000000
1296	1007	0.000000
1297	529	0.000000
1298	1032	0.000000
1299	1252	0.000000
1300	1264	0.000000
1301	905	0.000000
1302	725	0.000000
1303	920	0.000000
1304	531	0.000000
1305	373	0.000000
1306	1499	0.000000
1307	1500	0.000000
1308	1503	0.000000
1309	1502	0.000000
1310	1504	0.000000
1311	1505	0.000000
1312	1501	0.000000
1313	1498	0.000000
1314	1494	0.000000
1315	1496	0.000000
1316	1495	0.000000
1317	1493	0.000000
1318	1489	0.000000
1319	1492	0.000000
1320	1488	0.000000
1321	1491	0.000000
1322	1506	0.000000
1323	1497	0.000000
1324	1490	0.000000
1325	1524	0.000000
1326	1508	0.000000
1327	1527	0.000000
1328	1526	0.000000
1329	1525	0.000000
1330	1487	0.000000
1331	1523	0.000000
1332	1522	0.000000
1333	1521	0.000000
1334	1520	0.000000
1335	1519	0.000000
1336	1518	0.000000
1337	1517	0.000000
1338	1516	0.000000
1339	1515	0.000000
1340	1514	0.000000
1341	1513	0.000000
1342	1512	0.000000
1343	1511	0.000000
1344	1510	0.000000
1345	1509	0.000000
1346	1507	0.000000
1347	1486	0.000000
1348	1463	0.000000
1349	1484	0.000000
1350	1459	0.000000
1351	1458	0.000000
1352	1457	0.000000
1353	1456	0.000000
1354	1455	0.000000
1355	1454	0.000000
1356	1453	0.000000
1357	1452	0.000000
1358	1460	0.000000
1359	1451	0.000000
1360	1449	0.000000
1361	1448	0.000000
1362	1447	0.000000
1363	1446	0.000000
1364	1445	0.000000
1365	1444	0.000000
1366	1443	0.000000
1367	1528	0.000000
1368	1450	0.000000
1369	1461	0.000000
1370	1462	0.000000
1371	1464	0.000000
1372	1483	0.000000
1373	1482	0.000000
1374	1481	0.000000
1375	1480	0.000000
1376	1479	0.000000
1377	1478	0.000000
1378	1477	0.000000
1379	1476	0.000000
1380	1475	0.000000
1381	1474	0.000000
1382	1473	0.000000
1383	1472	0.000000
1384	1471	0.000000
1385	1470	0.000000
1386	1469	0.000000
1387	1468	0.000000
1388	1467	0.000000
1389	1466	0.000000
1390	1465	0.000000
1391	1485	0.000000
1392	1529	0.000000
1393	All-Neighbor BSIC (Num) (Sorted)[4]	0.000000
1394	1531	0.000000
1395	1594	0.000000
1396	1593	0.000000
1397	1592	0.000000
1398	1591	0.000000
1399	1590	0.000000
1400	1589	0.000000
1401	1588	0.000000
1402	1587	0.000000
1403	1595	0.000000
1404	1586	0.000000
1405	1584	0.000000
1406	1583	0.000000
1407	1582	0.000000
1408	1581	0.000000
1409	1580	0.000000
1410	1579	0.000000
1411	1578	0.000000
1412	1577	0.000000
1413	1585	0.000000
1414	1596	0.000000
1415	1597	0.000000
1416	1598	0.000000
1417	1442	0.000000
1418	All-ARFCN BCCH	0.000000
1419	All-RxQual Full	0.000000
1420	All-RxQual Sub	0.000000
1421	All-MS TxPower (dBm)	0.000000
1422	All-Neighbor BSIC (Num) (Sorted)[1]	0.000000
1423	All-Neighbor BSIC (Num) (Sorted)[2]	0.000000
1424	All-Neighbor BSIC (Num) (Sorted)[3]	0.000000
1425	All-Neighbor BSIC (Num) (Sorted)[5]	0.000000
1426	All-Neighbor BSIC (Num) (Sorted)[6]	0.000000
1427	All-Neighbor ARFCN (Sorted)[1]	0.000000
1428	All-Neighbor ARFCN (Sorted)[2]	0.000000
1429	1605	0.000000
1430	1604	0.000000
1431	1603	0.000000
1432	1602	0.000000
1433	1601	0.000000
1434	1600	0.000000
1435	1599	0.000000
1436	1576	0.000000
1437	1530	0.000000
1438	1575	0.000000
1439	1573	0.000000
1440	1549	0.000000
1441	1548	0.000000
1442	1547	0.000000
1443	1546	0.000000
1444	1545	0.000000
1445	1544	0.000000
1446	1543	0.000000
1447	1542	0.000000
1448	1550	0.000000
1449	1541	0.000000
1450	1539	0.000000
1451	1538	0.000000
1452	1537	0.000000
1453	1536	0.000000
1454	1535	0.000000
1455	1534	0.000000
1456	1533	0.000000
1457	1532	0.000000
1458	1540	0.000000
1459	1551	0.000000
1460	1552	0.000000
1461	1553	0.000000
1462	1572	0.000000
1463	1571	0.000000
1464	1570	0.000000
1465	1569	0.000000
1466	1568	0.000000
1467	1567	0.000000
1468	1566	0.000000
1469	1565	0.000000
1470	1564	0.000000
1471	1563	0.000000
1472	1562	0.000000
1473	1561	0.000000
1474	1560	0.000000
1475	1559	0.000000
1476	1558	0.000000
1477	1557	0.000000
1478	1556	0.000000
1479	1555	0.000000
1480	1554	0.000000
1481	1574	0.000000
1482	1441	0.000000
1483	1315	0.000000
1484	1439	0.000000
1485	1326	0.000000
1486	1325	0.000000
1487	1324	0.000000
1488	1323	0.000000
1489	1322	0.000000
1490	1321	0.000000
1491	1320	0.000000
1492	1319	0.000000
1493	1327	0.000000
1494	1318	0.000000
1495	1316	0.000000
1496	1314	0.000000
1497	1313	0.000000
1498	1312	0.000000
1499	1311	0.000000
1500	1310	0.000000
1501	1309	0.000000
1502	1308	0.000000
1503	1317	0.000000
1504	1307	0.000000
1505	1328	0.000000
1506	1330	0.000000
1507	1348	0.000000
1508	1347	0.000000
1509	1346	0.000000
1510	1345	0.000000
1511	1344	0.000000
1512	1343	0.000000
1513	1342	0.000000
1514	1341	0.000000
1515	1329	0.000000
1516	1340	0.000000
1517	1338	0.000000
1518	1337	0.000000
1519	1336	0.000000
1520	1335	0.000000
1521	1334	0.000000
1522	1333	0.000000
1523	1332	0.000000
1524	1331	0.000000
1525	1339	0.000000
1526	1306	0.000000
1527	1305	0.000000
1528	1304	0.000000
1529	1280	0.000000
1530	1279	0.000000
1531	1278	0.000000
1532	1277	0.000000
1533	1276	0.000000
1534	1275	0.000000
1535	1274	0.000000
1536	1273	0.000000
1537	1281	0.000000
1538	1272	0.000000
1539	1270	0.000000
1540	1269	0.000000
1541	1268	0.000000
1542	All-Neighbor ARFCN (Sorted)[3]	0.000000
1543	All-Neighbor ARFCN (Sorted)[4]	0.000000
1544	All-Neighbor ARFCN (Sorted)[5]	0.000000
1545	All-Neighbor ARFCN (Sorted)[6]	0.000000
1546	27	0.000000
1547	1271	0.000000
1548	1282	0.000000
1549	1283	0.000000
1550	1284	0.000000
1551	1303	0.000000
1552	1302	0.000000
1553	1301	0.000000
1554	1300	0.000000
1555	1299	0.000000
1556	1298	0.000000
1557	1297	0.000000
1558	1296	0.000000
1559	1295	0.000000
1560	1294	0.000000
1561	1293	0.000000
1562	1292	0.000000
1563	1291	0.000000
1564	1290	0.000000
1565	1289	0.000000
1566	1288	0.000000
1567	1287	0.000000
1568	1286	0.000000
1569	1285	0.000000
1570	1349	0.000000
1571	1350	0.000000
1572	1351	0.000000
1573	1352	0.000000
1574	1415	0.000000
1575	1414	0.000000
1576	1413	0.000000
1577	1412	0.000000
1578	1411	0.000000
1579	1410	0.000000
1580	1409	0.000000
1581	1408	0.000000
1582	1416	0.000000
1583	1407	0.000000
1584	1405	0.000000
1585	1404	0.000000
1586	1403	0.000000
1587	1402	0.000000
1588	1401	0.000000
1589	1400	0.000000
1590	1399	0.000000
1591	1398	0.000000
1592	1406	0.000000
1593	1417	0.000000
1594	1418	0.000000
1595	1419	0.000000
1596	1438	0.000000
1597	1437	0.000000
1598	1436	0.000000
1599	1435	0.000000
1600	1434	0.000000
1601	1433	0.000000
1602	1432	0.000000
1603	1431	0.000000
1604	1430	0.000000
1605	1429	0.000000
1606	1428	0.000000
1607	1427	0.000000
1608	1426	0.000000
1609	1425	0.000000
1610	1424	0.000000
1611	1423	0.000000
1612	1422	0.000000
1613	1421	0.000000
1614	1420	0.000000
1615	1397	0.000000
1616	1440	0.000000
1617	1396	0.000000
1618	1394	0.000000
1619	1370	0.000000
1620	1369	0.000000
1621	1368	0.000000
1622	1367	0.000000
1623	1366	0.000000
1624	1365	0.000000
1625	1364	0.000000
1626	1363	0.000000
1627	1371	0.000000
1628	1362	0.000000
1629	1360	0.000000
1630	1359	0.000000
1631	1358	0.000000
1632	1357	0.000000
1633	1356	0.000000
1634	1355	0.000000
1635	1354	0.000000
1636	1353	0.000000
1637	1361	0.000000
1638	1372	0.000000
1639	1373	0.000000
1640	1374	0.000000
1641	1393	0.000000
1642	1392	0.000000
1643	1391	0.000000
1644	1390	0.000000
1645	1389	0.000000
1646	1388	0.000000
1647	1387	0.000000
1648	1386	0.000000
1649	1385	0.000000
1650	1384	0.000000
1651	1383	0.000000
1652	1382	0.000000
1653	1381	0.000000
1654	1380	0.000000
1655	1379	0.000000
1656	1378	0.000000
1657	1377	0.000000
1658	1376	0.000000
1659	1375	0.000000
1660	1395	0.000000
1661	All-BSIC (Num)	0.000000

