120.862925,32.454412
121.490484,31.261892
121.490894,31.261333
121.491800,31.262579
121.492147,31.259651
121.489545,31.264309
121.489051,31.263625
121.490151,31.265015
121.488679,31.264676
121.489847,31.265564
121.489331,31.264477
121.489881,31.264081
121.489682,31.264235
121.488882,31.264463
121.487919,31.264278
121.488388,31.265991
121.490332,31.267586
121.491650,31.266629
121.490354,31.266347
121.491162,31.267174
121.489878,31.268615
121.488971,31.270579
121.492371,31.270083
121.490677,31.267148
121.490939,31.269356
121.488960,31.270130
121.490851,31.272639
121.490658,31.273021
121.490285,31.270888
121.489190,31.270451
121.489319,31.270253
121.489275,31.266778
121.488713,31.267413
121.493984,31.268651
121.489025,31.265334
121.491277,31.266878
121.490693,31.263730
121.491332,31.267061
121.491205,31.266842
121.490269,31.266892
121.489708,31.266867
121.488295,31.266555
121.488980,31.265858
121.491599,31.266852
121.491658,31.266364
121.491486,31.266600
121.490746,31.264001
121.489248,31.262168
121.487768,31.262970
121.489395,31.263254
121.489302,31.263137
121.489889,31.262992
121.489447,31.258145
121.484721,31.256971
121.485031,31.257092
121.485669,31.256126
121.490656,31.253744
121.511493,31.223056
121.525060,31.214825
121.531279,31.219750
121.533275,31.226407
121.532497,31.237484
121.537567,31.232937
121.532057,31.235594
121.526787,31.236608
121.532700,31.232189
121.530831,31.231212
121.532243,31.228583
121.537129,31.236556
121.536605,31.236639
121.535922,31.231906
121.539909,31.234579
121.535455,31.239097
121.532644,31.241167
121.532682,31.240069
121.528676,31.241051
121.540402,31.241852
121.549426,31.240691
121.554452,31.240462
121.551632,31.247020
121.537585,31.243591
121.527411,31.236660
121.541791,31.234483
121.539199,31.239162
121.543711,31.237050
121.542583,31.237257
121.542626,31.236594
121.542301,31.236349
121.533800,31.238038
121.534285,31.234665
121.533353,31.233686
121.536310,31.235095
121.534425,31.232610
121.528656,31.229119
121.527018,31.231974
121.536877,31.226345
121.536171,31.225544
121.531855,31.222269
121.532724,31.218350
121.533645,31.216499
121.528170,31.219195
121.529373,31.219504
121.532170,31.217124
121.531672,31.217124
121.532624,31.219845
121.529957,31.225035
121.524105,31.228173
121.524907,31.226830
121.524411,31.227603
121.532705,31.226134
121.523049,31.227549
121.533880,31.226642
121.533550,31.228205
121.533521,31.226768
121.532857,31.225980
121.532544,31.225244
121.530016,31.225587
121.533851,31.227015
121.527567,31.226121
121.527276,31.225118
121.527201,31.225284
121.530498,31.225630
121.528141,31.228245
121.523683,31.227012
121.520510,31.229726
121.517368,31.226786
121.516374,31.225837
121.516405,31.226407
121.516906,31.226904
121.516632,31.228405
121.516908,31.227558
121.514660,31.229470
121.502537,31.224733
121.501575,31.226858
121.500240,31.226771
121.498833,31.228427
121.482517,31.227053
121.482827,31.226093
121.482571,31.226063
121.482578,31.226463
121.482814,31.224847
121.487692,31.221330
121.494659,31.227841
121.484387,31.224695
121.484143,31.223658
121.485892,31.224113
121.495612,31.232052
121.498406,31.226810
121.503142,31.226753
121.514638,31.228412
121.517560,31.230126
121.517280,31.229908
121.519646,31.229390
121.516205,31.232313
121.523126,31.230329
121.518434,31.232663
121.521918,31.230927
121.519489,31.231452
121.531487,31.230814
121.531650,31.228705
121.530639,31.229794
121.529180,31.226407
121.532856,31.227651
121.531623,31.225543
121.529807,31.226670
121.532809,31.226449
121.532444,31.223059
121.529346,31.218211
121.527480,31.218370
121.526484,31.217129
121.526899,31.217598
121.525741,31.217588
121.527463,31.218118
121.526520,31.217868
121.528375,31.216890
121.529239,31.216367
121.527946,31.216460
121.530620,31.212600
121.533838,31.213338
121.533487,31.213327
121.532992,31.213237
121.533684,31.213633
121.532985,31.214216
121.522575,31.223400
121.531388,31.218244
121.534386,31.217327
121.527001,31.222440
121.522722,31.226380
121.530816,31.232130
121.529346,31.232840
121.530532,31.232540
121.527472,31.230165
121.538207,31.240273
121.549840,31.239555
121.543329,31.240460
121.541045,31.238338
121.544254,31.239594
121.549450,31.243115
121.550684,31.242533
121.551132,31.244158
121.551243,31.244995
121.551981,31.244359
121.552866,31.244716
121.551991,31.244287
121.552823,31.245184
121.547146,31.241622
121.531055,31.241082
121.545244,31.237766
121.545812,31.237526
121.543418,31.237536
121.542878,31.238288
121.543586,31.238176
121.539700,31.235758
121.536624,31.230370
121.534669,31.220585
121.532267,31.219479
121.529685,31.220942
121.536025,31.219911
121.519751,31.223733
121.526863,31.220737
121.526687,31.216416
121.525523,31.220438
121.528889,31.217713
121.528674,31.216654
121.527660,31.216743
121.525851,31.218174
121.522302,31.218803
121.524982,31.218717
121.524224,31.217814
121.521817,31.219463
121.534005,31.212463
121.529753,31.216145
121.531645,31.215629
121.524971,31.217198
121.531217,31.216024
121.526866,31.217340
121.530522,31.213608
121.529206,31.215538
121.527665,31.217389
121.520792,31.224304
121.519902,31.227042
121.521364,31.228391
121.520351,31.230101
121.520883,31.230100
121.519846,31.230756
121.520332,31.229183
121.519793,31.228494
121.520409,31.229186
121.520705,31.229443
121.521538,31.229518
121.521274,31.229692
121.521352,31.229526
121.519748,31.231341
121.517904,31.229121
121.516327,31.228327
121.515968,31.228453
121.515954,31.228856
121.514639,31.228693
121.513222,31.228224
121.515520,31.227616
121.513952,31.227408
121.515531,31.227763
121.515562,31.227556
121.513638,31.227347
121.513248,31.230067
121.512252,31.228887
121.512086,31.231552
121.512422,31.230397
121.514353,31.229237
121.514926,31.229082
121.514308,31.230866
121.514611,31.231249
121.514759,31.231220
121.513918,31.229288
121.514380,31.230808
121.514039,31.230400
121.513808,31.229761
121.514807,31.232263
121.513993,31.230390
121.513829,31.231087
121.513789,31.229860
121.512343,31.231159
121.512374,31.232013
121.513888,31.230729
121.512154,31.231905
121.511138,31.232028
121.482654,31.229222
121.480782,31.230381
121.481900,31.229622
121.481291,31.230505
121.481715,31.229715
121.481682,31.230015
121.481193,31.229888
121.481416,31.229467
121.481143,31.229545
121.481470,31.229640
121.480895,31.229169
121.477815,31.228590
121.477046,31.228754
121.476774,31.229931
121.474395,31.230218
121.473457,31.230845
121.473380,31.235189
121.473558,31.235533
121.473551,31.236066
121.473156,31.235325
121.473752,31.236322
121.471191,31.241774
121.470709,31.243122
121.471210,31.243423
121.470855,31.243201
121.470511,31.243381
121.471257,31.243640
121.471015,31.243718
121.470886,31.243645
121.469667,31.246124
121.468949,31.249778
121.468708,31.252100
121.469677,31.252430
121.468205,31.251687
121.469047,31.253181
121.467577,31.252986
121.467949,31.253266
121.467991,31.252467
121.467948,31.252767
121.468246,31.253020
121.467711,31.253354
121.466728,31.252326
121.465082,31.254429
121.463828,31.256797
121.463645,31.258058
121.464308,31.257028
121.467682,31.259475
121.467889,31.261596
121.466374,31.262385
121.465701,31.262282
121.463098,31.260409
121.463175,31.259985
121.461517,31.261016
121.460517,31.263163
121.461357,31.262954
121.460291,31.262195
121.459577,31.261799
121.458444,31.263489
121.458277,31.263106
121.458868,31.263220
121.458673,31.263354
121.459116,31.263500
121.459309,31.263491
121.458875,31.262589
121.458362,31.263630
121.458541,31.261314
121.458670,31.264929
121.458943,31.266126
121.456603,31.266892
121.454961,31.268879
121.452654,31.272868
121.449593,31.274866
121.449849,31.274438
121.452490,31.273946
121.451943,31.275757
121.452102,31.276116
121.451098,31.276580
121.451111,31.276726
121.450750,31.274789
121.449544,31.274383
121.447099,31.268700
121.445631,31.267623
121.442482,31.267273
121.442787,31.267275
121.446089,31.268499
121.443667,31.266722
121.450760,31.265476
121.448528,31.264035
121.448321,31.263595
121.447290,31.262134
121.448008,31.260891
121.450785,31.260133
121.450675,31.258847
121.451201,31.258095
121.451205,31.258376
121.451714,31.258272
121.451791,31.259121
121.452568,31.258207
121.452226,31.258393
121.452152,31.259626
121.452398,31.260607
121.450389,31.259452
121.452206,31.261289
121.452118,31.260459
121.452147,31.259013
121.453475,31.259023
121.456143,31.257148
121.459488,31.259339
121.462117,31.255007
121.463510,31.261465
121.479320,31.277328
121.487352,31.280293
121.489307,31.281729
121.489398,31.282874
121.490020,31.283528
121.492150,31.283336
121.494900,31.281449
121.493065,31.281923
121.493247,31.283506
121.511743,31.288425
121.512890,31.289078
121.513231,31.288884
121.517418,31.278648
121.520081,31.274014
121.525266,31.274943
121.524274,31.273619
121.524432,31.273245
121.523915,31.270740
121.523783,31.270812
121.524518,31.272914
121.522109,31.271980
121.521344,31.268624
121.520561,31.270459
121.526063,31.273923
121.524034,31.275422
121.524436,31.275173
121.525699,31.274626
121.524990,31.274488
121.525954,31.273636
121.526180,31.272726
121.525910,31.272728
121.524411,31.274996
121.524240,31.274168
121.525392,31.277540
121.525249,31.277653
121.519921,31.278215
121.519111,31.277764
121.520561,31.278258
121.519446,31.278118
121.525104,31.275993
121.520328,31.274235
121.520562,31.273156
121.505873,31.268949
121.505499,31.266037
121.504464,31.266600
121.505128,31.266252
121.506131,31.266407
121.524987,31.271142
121.522508,31.269619
121.516281,31.266869
121.519162,31.269338
121.526575,31.274190
121.526047,31.275619
121.525511,31.276312
121.519964,31.272127
121.520549,31.272822
121.525408,31.273537
121.525669,31.274802
121.524451,31.276081
121.525304,31.276706
121.525718,31.276575
121.524313,31.276562
121.524711,31.275495
121.525613,31.275390
121.526467,31.275859
121.527429,31.274805
121.525674,31.270960
121.526022,31.270356
121.525313,31.270399
121.528072,31.269257
121.527214,31.270518
121.521730,31.268777
121.524526,31.271092
121.520150,31.267551
121.518610,31.267035
121.523677,31.268511
121.527551,31.268233
121.522448,31.271011
121.523195,31.264203
121.524080,31.259175
121.544487,31.248081
121.549818,31.242509
121.542992,31.241944
121.523335,31.223580
121.509339,31.200551
121.505995,31.186885
121.506035,31.192840
121.505779,31.198028
121.504191,31.179140
121.505100,31.197055
121.505298,31.192949
121.502699,31.181930
121.506667,31.199069
121.506267,31.192491
121.507591,31.196279
121.515550,31.199499
121.514428,31.197843
121.515315,31.196455
121.514955,31.198102
121.515526,31.198501
121.513431,31.200024
121.513457,31.200802
121.514740,31.202092
121.512065,31.192853
121.514147,31.193118
121.513005,31.194974
121.514259,31.197580
121.520989,31.208472
121.510384,31.203844
121.508455,31.203015
121.508935,31.205258
121.513849,31.199256
121.508405,31.203673
121.513274,31.201024
121.512266,31.198014
121.507596,31.205864
121.509176,31.204578
121.513069,31.199461
121.508922,31.204737
121.513070,31.199807
121.522945,31.210800
121.523797,31.209149
121.524417,31.207239
121.516985,31.215954
121.524942,31.208112
121.516391,31.215419
121.521979,31.212671
121.522210,31.213332
121.520462,31.216323
121.525970,31.214918
121.526907,31.214101
121.527202,31.214193
121.527330,31.214927
121.527465,31.213454
121.524530,31.216829
121.524395,31.215621
121.525812,31.215138
121.526304,31.215251
121.525442,31.218439
121.526130,31.218166
121.523718,31.218760
121.523542,31.219784
121.525504,31.220870
121.526217,31.221621
121.525467,31.220944
121.520750,31.223407
121.522334,31.224118
121.523241,31.225021
121.522539,31.224832
121.522092,31.225731
121.522107,31.226429
121.522499,31.228295
121.517623,31.230195
121.516647,31.227283
121.515990,31.226750
121.515645,31.225072
121.515815,31.225398
121.516395,31.225988
121.516881,31.225739
121.515421,31.229379
121.516455,31.229936
121.516453,31.229369
121.516279,31.230178
121.509803,31.233153
121.514397,31.229424
121.516049,31.227978
121.516367,31.227564
121.516429,31.227982
121.515807,31.228560
121.515159,31.228707
121.515166,31.228275
121.515982,31.227728
121.516391,31.228200
121.511909,31.228532
121.518363,31.228729
121.522191,31.231018
121.523837,31.230105
121.524558,31.228495
121.527454,31.228115
121.527476,31.226580
121.528199,31.225382
121.530682,31.221969
121.531662,31.222377
121.530835,31.224427
121.531256,31.224784
121.530579,31.220253
121.533776,31.219310
121.532258,31.215822
121.532443,31.215095
121.533131,31.215745
121.533443,31.216536
121.530891,31.217135
121.531394,31.215511
121.533145,31.216272
121.529447,31.218827
121.528727,31.219835
121.532059,31.223696
121.530747,31.227433
121.536491,31.231448
121.540470,31.233456
121.540595,31.236807
121.540231,31.235801
121.540329,31.235545
121.533898,31.233903
121.528973,31.233028
120.952067,32.331581
121.541062,31.236236
121.536298,31.238297
121.530197,31.237676
121.540116,31.235629
121.544192,31.237902
121.544736,31.238612
121.546536,31.237714
121.546734,31.238314
121.544201,31.237739
121.546389,31.236262
121.543231,31.237465
121.540528,31.235164
121.542886,31.235165
121.542845,31.236415
121.542862,31.236782
121.538165,31.237766
121.538123,31.237858
121.536323,31.235023
121.544955,31.236588
121.545535,31.238112
121.531683,31.235127
121.540309,31.234035
121.532136,31.228672
121.533352,31.220862
121.523725,31.221780
121.527472,31.221074
121.530798,31.220261
121.522563,31.221535
121.533189,31.215450
121.530915,31.216506
121.532820,31.220618
121.529888,31.225686
121.529812,31.225198
121.531184,31.227311
121.532385,31.227963
121.532067,31.224710
121.532005,31.224049
121.531452,31.223224
121.531356,31.223578
121.529321,31.224327
121.528457,31.225316
121.529949,31.228552
121.529971,31.228181
121.529182,31.228787
121.523527,31.230553
121.521386,31.230411
121.523217,31.231076
121.523848,31.230121
121.520768,31.230919
121.520745,31.231497
121.520396,31.229620
121.519329,31.232073
121.518257,31.232937
121.515662,31.233961
121.514229,31.232636
121.514643,31.232829
121.513978,31.232445
121.514144,31.232449
121.514253,31.232750
121.512433,31.230611
121.513133,31.233040
121.514183,31.233626
121.514305,31.233481
121.512966,31.233711
121.513305,31.233529
121.513095,31.232185
121.511295,31.232599
121.511376,31.231871
121.511354,31.232021
121.511295,31.232193
121.511837,31.231941
121.512600,31.232269
121.511711,31.232098
121.510507,31.232060
121.486130,31.228564
121.480282,31.230570
121.479371,31.229793
121.482082,31.229279
121.480150,31.228878
121.477447,31.229939
121.476648,31.228398
121.477054,31.228472
121.476025,31.228240
121.472503,31.226770
121.470665,31.225932
121.468721,31.225769
121.466402,31.226152
121.465346,31.226216
121.465244,31.225882
121.465261,31.226353
121.465193,31.225895
121.464539,31.227826
121.464250,31.228034
121.454834,31.226850
121.451150,31.226321
121.452032,31.224002
121.452014,31.223654
121.451283,31.224087
121.451857,31.224166
121.451445,31.223971
121.451912,31.224056
121.452125,31.224050
121.452096,31.224050
121.452339,31.224594
121.453376,31.225073
121.450828,31.224324
121.448090,31.223543
121.449594,31.223030
121.450038,31.223116
121.448247,31.224403
121.447673,31.226762
121.447939,31.224263
121.444775,31.222889
121.444902,31.222966
121.444575,31.224889
121.443236,31.222853
121.444584,31.223913
121.443217,31.224051
121.443920,31.225645
121.445177,31.225155
121.446476,31.226254
121.445768,31.228266
121.449211,31.228840
121.451373,31.230949
121.454242,31.231830
121.455033,31.231771
121.455276,31.230596
121.456541,31.231638
121.457038,31.231834
121.462846,31.231887
121.463784,31.232338
121.462802,31.232961
121.466068,31.234337
121.466203,31.233605
121.466329,31.234428
121.466656,31.231890
121.467235,31.232446
121.468285,31.232720
121.467908,31.233367
121.467208,31.233032
121.468477,31.232402
121.468726,31.232321
121.467840,31.232867
121.468583,31.232219
121.468178,31.232265
121.469370,31.232799
121.468520,31.232284
121.468036,31.233857
121.467279,31.232668
121.467929,31.231992
121.467908,31.231441
121.468042,31.232250
121.466010,31.232368
121.467414,31.233189
121.468858,31.233088
121.472306,31.234860
121.474390,31.234358
121.472724,31.234374
121.473752,31.236505
121.473503,31.235960
121.472671,31.235056
121.473925,31.234524
121.473697,31.235742
121.472901,31.235195
121.473294,31.235137
121.473774,31.234900
121.475024,31.232529
121.477900,31.232006
121.477943,31.232523
121.477975,31.233137
121.477343,31.233483
121.479239,31.233481
121.478903,31.232329
121.478225,31.232586
121.478251,31.232257
121.479369,31.232931
121.479327,31.239863
120.960061,32.245577
121.485437,31.251093
121.484039,31.248916
121.484973,31.250474
121.484417,31.249241
121.483328,31.249051
121.483576,31.248930
121.484517,31.249659
121.483524,31.249213
121.483302,31.251564
121.482815,31.250556
121.482217,31.250526
121.482027,31.251376
121.473743,31.248960
121.473028,31.247551
121.471387,31.248395
121.469564,31.246247
121.466983,31.248559
121.462554,31.252382
121.457305,31.257947
121.454484,31.259772
121.453751,31.259232
121.452556,31.259841
121.451674,31.259775
121.452024,31.259125
121.451024,31.259406
121.450386,31.259217
121.444135,31.260856
121.429668,31.259843
121.424893,31.257282
121.427049,31.262005
121.425201,31.260913
121.430761,31.260817
121.425473,31.252546
121.425014,31.248559
121.421978,31.251156
121.418799,31.254425
121.418904,31.253040
121.418381,31.246309
121.418769,31.244356
121.416673,31.245218
121.417323,31.245664
121.418339,31.244060
121.417906,31.243643
121.417629,31.244829
121.417031,31.243835
121.410212,31.246448
121.407882,31.250304
121.402888,31.252933
121.402998,31.235443
121.424468,31.191798
121.425703,31.188864
121.426378,31.189714
121.427590,31.190180
121.428842,31.190674
121.428899,31.191217
121.428866,31.189685
121.428878,31.190643
121.430582,31.191488
121.430707,31.190516
121.439724,31.191078
121.438366,31.190383
121.439264,31.190263
121.439852,31.191032
121.441509,31.192136
121.441862,31.191719
121.442272,31.190893
121.441827,31.191253
121.442246,31.190831
121.441487,31.192182
121.444571,31.193253
121.456430,31.199413
121.458865,31.202094
121.457635,31.203235
121.459236,31.202922
121.458077,31.203332
121.459229,31.202975
121.461340,31.203500
121.462111,31.204447
121.460512,31.204816
121.459990,31.204712
121.464141,31.200905
121.467261,31.202662
121.467835,31.205423
121.467316,31.205211
121.466066,31.204758
121.465603,31.204713
121.466954,31.204676
121.467657,31.204991
121.467502,31.205385
121.467953,31.205499
121.468835,31.205310
121.468940,31.205680
121.470030,31.205277
121.472071,31.206364
121.471249,31.207206
121.470157,31.206671
121.470539,31.206423
121.471721,31.201695
121.471922,31.206388
121.472200,31.206482
121.471882,31.210258
121.472168,31.209687
121.470779,31.213516
121.470310,31.212631
121.470559,31.213333
121.471690,31.220166
121.472228,31.220793
121.472307,31.221333
121.471759,31.221529
121.472501,31.222531
121.471986,31.223024
121.472690,31.221873
121.472333,31.221555
121.472195,31.221749
121.472092,31.221551
121.472649,31.222474
121.473747,31.223934
121.475260,31.225513
121.478178,31.227252
121.478316,31.227243
121.478485,31.227044
121.475997,31.227942
121.474584,31.229200
121.474747,31.228999
121.474849,31.229142
121.474882,31.229002
121.474891,31.229147
121.474891,31.229147
121.474742,31.229026
121.474793,31.229089
121.476711,31.228010
121.477163,31.227402
121.481515,31.227383
121.481574,31.228067
121.482005,31.229842
121.482241,31.229343
121.482086,31.228544
121.481487,31.228611
121.481434,31.228884
121.481793,31.228772
121.482084,31.228866
121.480915,31.228731
121.481794,31.228741
121.480132,31.228620
121.480043,31.228428
121.478707,31.229409
121.479750,31.228032
121.480895,31.228614
121.477930,31.227280
121.477952,31.227782
121.478289,31.227536
121.478225,31.227316
121.478312,31.228387
121.479355,31.228794
121.479765,31.228659
121.478400,31.227534
121.478115,31.227604
121.477495,31.228114
121.477658,31.227762
121.477231,31.228977
121.477370,31.228417
121.476923,31.227876
121.477694,31.228074
121.477622,31.228388
121.476904,31.229014
121.476984,31.228565
121.476797,31.228084
121.477822,31.227937
121.477483,31.226971
121.478484,31.227748
121.477613,31.228135
121.478547,31.227918
121.480007,31.229794
121.478595,31.228484
121.479316,31.229367
121.479946,31.228621
121.478671,31.228900
121.479700,31.228775
121.479738,31.228516
121.480135,31.228687
121.482171,31.229281
121.480664,31.228603
121.480054,31.229331
121.479580,31.229299
121.480159,31.228995
121.479858,31.229207
121.480509,31.229198
121.480612,31.229024
121.480672,31.229387
121.480828,31.228972
121.483569,31.229618
121.480862,31.229053
121.480129,31.229602
121.483593,31.230123
121.482499,31.229544
121.480820,31.229252
121.480786,31.229140
121.480681,31.229074
121.482422,31.230700
121.482447,31.230290
121.479117,31.229233
121.482416,31.229438
121.480058,31.228879
121.480267,31.229278
121.479977,31.229360
121.480646,31.229331
121.482674,31.230645
121.482809,31.230511
121.482977,31.230839
121.482725,31.230646
121.482779,31.230692
121.482988,31.230264
121.482862,31.230640
121.482605,31.230123
121.482446,31.229987
121.481769,31.229860
121.482595,31.230367
121.482742,31.230562
121.482317,31.230089
121.482914,31.230546
121.481888,31.229779
121.484516,31.229772
121.510214,31.230887
121.514511,31.230722
121.514862,31.232147
121.517660,31.230907
121.517108,31.232982
121.519825,31.232005
121.519457,31.231858
121.518014,31.230680
121.517490,31.230138
121.516622,31.232374
121.516542,31.231936
121.516063,31.232199
121.517840,31.231630
121.521669,31.230955
121.523240,31.229341
121.519022,31.230546
121.523197,31.230737
121.466142,31.330959
121.522992,31.229783
121.520097,31.230371
121.521064,31.230414
121.516698,31.231494
121.514913,31.232052
121.514752,31.233341
121.522591,31.229442
121.531079,31.229994
121.533357,31.232890
121.534551,31.232174
121.532634,31.230330
121.531520,31.230463
121.533047,31.230493
121.532539,31.231676
121.530215,31.231376
121.531787,31.231154
121.534130,31.233225
121.534669,31.231519
121.534366,31.232684
121.534688,31.233101
121.529844,31.233466
121.530178,31.233565
121.530530,31.232365
121.532089,31.232047
121.529544,31.233288
121.527762,31.232108
121.534256,31.232266
121.535275,31.233570
121.532024,31.233668
121.534520,31.231876
121.539373,31.235074
121.534469,31.232351
121.533510,31.230853
121.538745,31.235156
121.542574,31.236434
121.542114,31.235568
121.536421,31.238961
121.545853,31.237563
121.552106,31.244107
121.547625,31.241279
121.545609,31.239455
121.544523,31.238821
121.543952,31.238487
121.544131,31.239045
121.546587,31.238740
121.544057,31.238568
121.546575,31.238727
121.528779,31.234130
121.528456,31.234918
121.535800,31.234549
121.537740,31.236001
121.536355,31.235144
121.528551,31.236908
121.532140,31.238012
121.534694,31.236928
121.531033,31.237144
121.531648,31.238550
121.529260,31.238057
121.530908,31.237347
121.532873,31.236773
121.533154,31.236391
121.531806,31.236229
121.531930,31.236480
121.534802,31.236027
121.533666,31.236438
121.534594,31.237370
121.534074,31.238363
121.534513,31.236960
121.533820,31.237810
121.533370,31.239426
121.535196,31.238304
121.530788,31.236327
121.519423,31.236169
121.518146,31.235835
121.518773,31.234727
121.518383,31.235175
121.518992,31.236643
121.520070,31.236834
121.518714,31.235072
121.518552,31.235425
121.519336,31.236628
121.519079,31.236550
121.518579,31.236183
121.517997,31.235969
121.515575,31.235578
121.513612,31.236971
121.514276,31.235432
121.512082,31.235495
121.511357,31.234171
121.510867,31.234553
121.511023,31.234212
121.510878,31.234123
121.513784,31.231568
121.514143,31.230777
121.513681,31.230273
121.514223,31.230042
121.514302,31.231000
121.514371,31.231421
121.513966,31.231848
121.514480,31.231229
121.513454,31.232035
121.514188,31.233000
121.514361,31.231736
121.513642,31.230938
121.513513,31.231318
121.513185,31.231056
121.512894,31.230231
121.513522,31.230947
121.514743,31.232103
121.514113,31.231148
121.513723,31.231895
121.515089,31.231439
121.513583,31.230627
121.513197,31.232130
121.513689,31.231323
121.514093,31.231593
121.513876,31.232495
121.513833,31.231927
121.513270,31.231667
121.514564,31.231365
121.514846,31.231930
121.514226,31.231200
121.514665,31.232416
121.513826,31.230185
121.516256,31.226763
121.515995,31.225713
121.515703,31.226137
121.517695,31.223131
121.516409,31.223178
121.516720,31.222521
121.518077,31.219471
121.517395,31.221774
121.518068,31.219067
121.516459,31.223422
121.517495,31.219602
121.516974,31.222746
121.518110,31.222439
121.518047,31.218593
121.201382,31.813563
121.516134,31.221085
121.516424,31.222044
121.518084,31.217791
121.515059,31.221902
121.516124,31.220474
121.515311,31.221369
121.518457,31.218121
121.524460,31.211755
121.524781,31.214812
121.522733,31.218233
121.520617,31.219871
121.514816,31.226880
121.514680,31.227202
121.516168,31.226850
121.514468,31.228843
121.514695,31.228418
121.513695,31.227651
121.512968,31.229869
121.513004,31.231194
121.511334,31.231876
121.510840,31.230799
121.510886,31.230824
121.512836,31.230313
121.512012,31.230219
121.512907,31.232128
121.512383,31.231154
121.511773,31.229829
121.510753,31.229330
121.511687,31.230366
121.513097,31.230964
121.510728,31.231466
121.510415,31.230043
121.510404,31.230807
121.510471,31.230752
121.510281,31.230275
121.510416,31.230763
121.510416,31.230763
121.510416,31.230763
121.510473,31.230516
121.509970,31.230687
121.510075,31.230764
121.511200,31.231151
121.510869,31.232217
121.511477,31.231272
121.511987,31.231925
121.510958,31.231477
121.511204,31.232779
121.512264,31.229736
121.509151,31.232834
121.484057,31.229377
121.481754,31.230273
121.481034,31.229230
121.479483,31.229205
121.480507,31.228328
121.481157,31.228125
121.480721,31.227811
121.480407,31.228150
121.479821,31.228543
121.480342,31.228259
121.480252,31.228262
121.479991,31.228753
121.480656,31.228196
121.479957,31.228118
121.480077,31.228174
121.481199,31.229506
121.481655,31.228780
121.480683,31.229628
121.479718,31.229046
121.479648,31.229422
121.479030,31.228173
121.479310,31.228492
121.478042,31.228556
121.479485,31.228812
121.478375,31.228883
121.478112,31.227436
121.478378,31.227775
121.478055,31.227907
121.477726,31.227535
121.478103,31.227834
121.478055,31.227343
121.479426,31.228518
121.479128,31.228770
121.477816,31.227541
121.477221,31.227084
121.477577,31.227702
121.478163,31.227103
121.478008,31.228143
121.478089,31.228067
121.476591,31.226900
121.476395,31.227769
121.056544,32.022821
121.475683,31.226988
121.475574,31.226617
121.475390,31.227068
121.474563,31.226691
121.474349,31.228266
121.471178,31.229906
121.471488,31.229121
121.469433,31.227056
121.469027,31.225803
121.469180,31.225608
121.469164,31.225821
121.468223,31.226298
121.468091,31.225797
121.468463,31.226385
121.468194,31.228448
121.469028,31.229121
121.468189,31.228396
121.467321,31.229415
121.466851,31.229602
121.467268,31.230955
121.467738,31.231367
121.468571,31.230628
121.467310,31.232708
121.467326,31.230826
121.467546,31.232419
121.467242,31.231737
121.467677,31.230625
121.468241,31.232088
121.468786,31.231043
121.467355,31.233130
121.467492,31.232291
121.466230,31.233138
121.468494,31.231761
121.468163,31.232199
121.468063,31.232769
121.467108,31.233210
121.467102,31.233170
121.466997,31.233389
121.466124,31.236114
121.465845,31.237116
121.464075,31.246569
121.466356,31.238106
121.464054,31.242955
121.462800,31.243852
121.462788,31.244338
121.462577,31.244548
121.462379,31.244315
121.461978,31.245099
121.461554,31.245810
121.462065,31.244220
121.462749,31.244430
121.462569,31.245140
121.462797,31.244662
121.462873,31.244039
121.462311,31.244262
121.462667,31.243886
121.462712,31.244388
121.462447,31.243528
121.462579,31.244077
121.461378,31.246167
121.461003,31.246170
121.461630,31.246575
121.462595,31.246435
121.462575,31.246897
121.462602,31.246713
121.463407,31.249729
121.463503,31.252588
121.462717,31.254921
121.462366,31.255974
121.461495,31.255294
121.461977,31.258494
121.460840,31.260629
121.459224,31.259742
121.458901,31.260862
121.457904,31.263020
121.458147,31.261317
121.457907,31.263468
121.458455,31.264052
121.458563,31.264536
121.458668,31.264548
121.458382,31.263213
121.458289,31.264448
121.455790,31.266432
121.456095,31.269247
121.456132,31.267977
121.456170,31.268857
121.456232,31.269912
121.455949,31.269060
121.455868,31.269297
121.455989,31.268310
121.455568,31.268576
121.456541,31.268896
121.456270,31.269584
121.454907,31.267867
121.455162,31.266708
121.455010,31.266784
121.455508,31.266805
121.455789,31.268193
121.455690,31.267818
121.456464,31.267557
121.455845,31.267845
121.455531,31.268721
121.455098,31.269186
121.455699,31.270256
121.457000,31.267306
121.457776,31.264656
121.458190,31.263514
121.458169,31.263785
121.458168,31.264877
121.456732,31.266620
121.457645,31.264894
121.458573,31.264377
121.458589,31.263752
121.459015,31.264324
121.458219,31.264619
121.457818,31.263398
121.459147,31.263421
121.458592,31.262368
121.458050,31.264313
121.457559,31.264437
121.456907,31.263624
121.458467,31.261044
121.458865,31.259718
121.459452,31.259727
121.459209,31.260110
121.458696,31.260159
121.458313,31.260011
121.455782,31.260082
121.455110,31.259480
121.453934,31.259449
121.453380,31.259628
121.453476,31.259758
121.453218,31.259055
121.453279,31.259051
121.453255,31.259758
121.453042,31.259951
121.451454,31.258983
121.451832,31.259386
121.450270,31.258706
121.450677,31.257898
121.449065,31.258252
121.443912,31.258057
121.425641,31.253519
121.418851,31.248328
121.415625,31.244339
121.408882,31.249267
121.374850,31.255545
121.374844,31.261545
121.371571,31.266362
121.371871,31.263635
121.364835,31.256735
121.367578,31.260508
121.372033,31.267486
121.370947,31.273789
121.410626,31.286321
121.413791,31.293193
121.413938,31.296997
121.413482,31.299065
121.412305,31.296909
121.416085,31.295629
121.417588,31.295027
121.412917,31.294378
121.376163,31.276369
121.368378,31.267243
121.377558,31.267731
121.380504,31.265596
121.369106,31.264297
121.375054,31.259317
121.383031,31.262172
121.368362,31.259498
121.370120,31.258977
121.371532,31.256423
121.366028,31.255033
121.362484,31.255224
121.363268,31.253375
121.367159,31.256351
121.367245,31.258721
121.394975,31.256795
121.399014,31.260398
121.401241,31.265893
121.402734,31.268027
121.399540,31.265902
121.403960,31.267304
121.405921,31.268920
121.408653,31.282642
121.415855,31.283619
121.414406,31.283368
121.419318,31.283735
121.416905,31.281883
121.417353,31.281624
121.419231,31.281994
121.422584,31.285177
121.423756,31.283550
121.422781,31.282827
121.423487,31.285307
121.435393,31.285366
121.437496,31.286363
121.441359,31.285500
121.441634,31.286756
121.444915,31.285181
121.442536,31.285886
121.442188,31.286645
121.442100,31.285325
121.443875,31.285367
121.447909,31.283454
121.450912,31.280882
121.456066,31.280564
121.458361,31.283439
121.458469,31.285252
121.461880,31.288558
121.462204,31.283538
121.463064,31.287454
121.467573,31.286895
121.465563,31.284010
121.465784,31.284103
121.467691,31.285584
121.465187,31.287236
121.465407,31.287723
121.466349,31.287395
121.466840,31.286683
121.466618,31.283989
121.467235,31.287133
121.465500,31.285037
121.463389,31.286626
121.466443,31.288246
121.468072,31.284276
121.465937,31.284079
121.467113,31.282914
121.468550,31.284012
121.465713,31.283663
121.466496,31.284137
121.465466,31.285021
121.466927,31.284808
121.466071,31.285992
121.453579,31.281535
121.456091,31.282720
121.456742,31.281661
121.456062,31.280227
121.455409,31.279559
121.453524,31.280402
121.448464,31.281148
121.447172,31.283193
121.448854,31.281689
121.448917,31.280073
121.450120,31.281552
121.448395,31.284716
121.447188,31.283301
121.445718,31.285374
121.445103,31.286332
121.444321,31.288013
121.446681,31.286086
121.446336,31.284340
121.449685,31.284629
121.446368,31.283099
121.448603,31.282744
121.447226,31.283924
121.447939,31.290122
121.448749,31.314952
121.442781,31.319862
121.438756,31.326667
121.437720,31.326014
121.436698,31.326027
121.437548,31.335500
121.437058,31.327083
121.436205,31.325735
121.438370,31.323942
121.436781,31.332046
121.423678,31.410893
121.423643,31.412789
121.424354,31.394218
121.423001,31.414581
121.424876,31.393909
121.424825,31.409025
121.424599,31.410339
121.424361,31.410471
121.424225,31.410266
121.424654,31.410905
121.424688,31.410001
121.424646,31.410563
121.424685,31.410239
121.424603,31.410441
121.424351,31.409960
121.424665,31.408932
121.424823,31.409203
121.424435,31.410403
121.425207,31.406593
121.425159,31.407939
121.424809,31.407853
121.424727,31.408253
121.425988,31.389814
121.425630,31.358500
121.427479,31.356188
121.426366,31.388503
121.425878,31.390422
121.426918,31.389351
121.426113,31.395427
121.427310,31.393991
121.426119,31.390800
121.425665,31.391441
121.425633,31.388770
121.427166,31.362892
121.391422,31.285423
121.386648,31.273026
121.370403,31.256861
121.363798,31.249686
121.368711,31.251224
121.363840,31.249848
121.368953,31.250329
121.361376,31.249534
121.366028,31.248439
121.371802,31.251401
121.368643,31.251575
121.372602,31.251873
121.364573,31.249576
121.367329,31.247876
121.404961,31.234888
121.407023,31.219720
121.393599,31.196120
121.393056,31.191020
121.392970,31.167970
121.392272,31.179983
121.389328,31.171416
121.387639,31.171645
121.388265,31.165784
121.384921,31.168309
121.381571,31.171712
121.384061,31.169868
121.389629,31.171611
121.389444,31.172435
121.389759,31.172538
121.389673,31.172477
121.389908,31.172868
121.389673,31.172477
121.389759,31.172538
121.389591,31.172463
121.389591,31.172463
121.389591,31.172463
121.389591,31.172463
121.389401,31.172375
121.389532,31.172481
121.389532,31.172481
121.386675,31.171367
121.386149,31.171476
121.387054,31.171484
121.382627,31.170640
121.382211,31.170945
121.381964,31.171406
121.383820,31.171527
121.383173,31.170810
121.381370,31.170650
121.383124,31.170730
121.382976,31.171621
121.385115,31.172422
121.384740,31.171608
121.384927,31.172180
121.392617,31.166608
121.392097,31.174174
121.386332,31.167716
121.381959,31.171705
121.383478,31.171811
121.383231,31.171667
121.382874,31.171315
121.393796,31.162786
121.396406,31.171053
121.392398,31.157291
121.395758,31.159043
121.395765,31.158250
121.394154,31.159900
121.396523,31.169999
121.405954,31.167948
121.407762,31.167411
121.405466,31.181878
121.406908,31.168539
121.408140,31.168967
121.408679,31.169905
121.392737,31.163499
121.393256,31.164347
121.395776,31.164890
121.392903,31.164321
121.392289,31.163576
121.392891,31.164511
121.394078,31.164891
121.394639,31.164398
121.395623,31.159569
121.394890,31.162342
121.393832,31.165344
121.393207,31.163853
121.392078,31.162766
121.392507,31.163982
121.393486,31.163562
121.393386,31.163357
121.394053,31.164366
121.392186,31.163547
121.393529,31.161690
121.394952,31.160019
121.408408,31.174104
121.408644,31.173863
121.406196,31.168766
121.405630,31.168583
121.407494,31.168350
121.408525,31.169240
121.409492,31.174678
121.408925,31.174701
121.405405,31.163419
121.401821,31.162832
121.403302,31.166053
121.402095,31.167000
121.401984,31.168277
121.398611,31.175829
121.394823,31.174927
121.392176,31.176348
121.392472,31.176191
121.397933,31.172015
121.396534,31.170673
121.395113,31.175872
121.393729,31.176252
121.395480,31.174546
121.394862,31.172396
121.395062,31.173946
121.398536,31.167297
121.395194,31.170100
121.397591,31.171808
121.397026,31.174179
121.392605,31.175422
121.392587,31.176953
121.392765,31.174995
121.392780,31.175769
121.393502,31.174716
121.392889,31.173992
121.393160,31.174561
121.396020,31.175838
121.393604,31.173857
121.398021,31.171581
121.394098,31.172400
121.391903,31.175585
121.393252,31.174809
121.392446,31.175706
121.396674,31.171260
121.395907,31.173828
121.392013,31.177164
121.392803,31.176822
121.391691,31.173457
121.395447,31.175351
121.395554,31.172089
121.396203,31.173588
121.393776,31.187443
121.392185,31.174742
121.393442,31.176193
121.399416,31.172268
121.397340,31.171375
121.395864,31.183789
121.394132,31.176818
121.392500,31.176554
121.393106,31.176165
121.391153,31.176020
121.390687,31.174097
121.390394,31.175795
121.392730,31.174484
121.394891,31.175518
121.392116,31.174985
121.390847,31.173633
121.390251,31.175053
121.392869,31.174322
121.393736,31.174429
121.392114,31.174628
121.400383,31.173650
121.403143,31.169162
121.403713,31.167426
121.405801,31.167237
121.403764,31.168244
121.403444,31.167995
121.404250,31.167401
121.409319,31.180300
121.409250,31.231593
121.414033,31.237758
121.413511,31.240358
121.411066,31.234454
121.411289,31.233586
121.398641,31.223603
121.400927,31.225095
121.402315,31.237510
121.401605,31.236125
121.399152,31.226031
121.400175,31.232618
121.412330,31.235306
121.402500,31.231394
121.408893,31.236866
121.411604,31.234655
121.401460,31.231295
121.412033,31.235649
121.411522,31.235286
121.411040,31.235185
121.412707,31.234569
121.403024,31.235683
121.395355,31.230731
121.400165,31.227474
121.407208,31.221825
121.395724,31.233547
121.397181,31.232467
121.397282,31.231020
121.396352,31.232470
121.393492,31.233609
121.369253,31.251091
121.365339,31.252021
121.366631,31.251143
121.367498,31.250464
121.376928,31.252386
121.377502,31.252244
121.377326,31.251264
121.378268,31.252573
121.372753,31.251749
121.390685,31.251585
121.392178,31.249784
121.395680,31.249482
121.408742,31.245551
121.410334,31.248293
121.410265,31.246976
121.409186,31.245610
121.409768,31.245661
121.409420,31.246265
121.409529,31.245277
121.410818,31.245598
121.408679,31.245585
121.408593,31.245573
121.410806,31.246579
121.414988,31.245413
121.413515,31.244453
121.414147,31.244126
121.415204,31.245213
121.418215,31.244831
121.418513,31.243823
121.414955,31.243779
121.415064,31.244428
121.415488,31.244096
121.420224,31.241242
121.416350,31.243063
121.418387,31.246093
121.416730,31.244445
121.415667,31.243521
121.417429,31.242034
121.421625,31.243801
121.420193,31.241940
121.421264,31.243980
121.421695,31.245989
121.418650,31.248407
121.427090,31.249944
121.445155,31.258123
121.447756,31.258750
121.451088,31.260694
121.451984,31.259361
121.450571,31.259879
121.450502,31.260282
121.449868,31.259279
121.452825,31.259787
121.458397,31.259471
121.460842,31.258417
121.461693,31.258955
121.461777,31.257154
121.462861,31.252198
121.462757,31.247715
121.462515,31.246272
121.461792,31.245687
121.467416,31.236545
121.467793,31.232535
121.470836,31.230499
121.476924,31.228683
121.480677,31.229343
121.484869,31.229869
121.506169,31.232573
121.508028,31.232336
121.509213,31.232261
121.512168,31.232126
121.512763,31.232543
121.514734,31.232027
121.516784,31.232050
121.520060,31.230519
121.520795,31.230378
121.523591,31.230689
121.523720,31.230969
121.524313,31.230937
121.520733,31.231223
121.521973,31.229222
121.519499,31.228770
121.521958,31.226488
121.520305,31.227033
121.520309,31.227486
121.521794,31.225692
121.526256,31.220369
121.525049,31.221888
121.524867,31.222735
121.525064,31.223106
121.523959,31.221942
121.528787,31.217501
121.528076,31.217173
121.526964,31.217086
121.524935,31.217789
121.524333,31.218041
121.526719,31.218966
121.525960,31.219605
121.524217,31.222564
121.525093,31.221656
121.527377,31.220689
121.525164,31.221440
121.523862,31.221973
121.522645,31.223480
121.521580,31.225404
121.519996,31.226406
121.526096,31.223402
121.525235,31.221965
121.524186,31.221321
121.523621,31.219686
121.528365,31.214005
121.528941,31.214853
121.527254,31.213365
121.528308,31.214172
121.526317,31.210126
121.519201,31.211398
121.515009,31.214055
121.512776,31.213873
121.507496,31.214216
121.505724,31.219477
121.505736,31.219470
121.504436,31.222632
121.502242,31.221133
121.499627,31.222180
121.499874,31.223452
121.484526,31.217833
121.483126,31.215022
121.483037,31.216643
121.483116,31.215444
121.482704,31.215413
121.482436,31.215990
121.482976,31.215569
121.483026,31.215471
121.482702,31.215861
121.483790,31.213873
121.483625,31.213545
121.482937,31.215125
121.472819,31.216561
121.453430,31.197144
121.449626,31.199339
121.450039,31.199508
121.449305,31.199196
121.446610,31.199368
121.445028,31.200203
121.445579,31.198544
121.443845,31.194960
121.442312,31.194880
121.442474,31.196150
121.440870,31.195882
121.436033,31.194746
121.435660,31.194299
121.431024,31.191659
121.430457,31.190934
121.429136,31.190609
121.428710,31.189607
121.428765,31.189638
121.428385,31.189956
121.427995,31.190086
121.427634,31.188635
121.424436,31.187693
121.422843,31.187319
121.423273,31.186562
121.424193,31.185988
121.424086,31.180297
121.424580,31.179288
121.423526,31.179818
121.423348,31.180076
121.424079,31.180227
121.427577,31.178351
121.427138,31.182310
121.422794,31.180923
121.423745,31.176144
121.418629,31.175202
121.415554,31.176074
121.417644,31.176724
121.415811,31.175668
121.415099,31.174781
121.415317,31.174885
121.415475,31.175088
121.415597,31.174951
121.415550,31.174834
121.415405,31.174822
121.415700,31.175023
121.415147,31.175797
121.413395,31.174776
121.412218,31.173880
121.409854,31.175509
121.408101,31.175130
121.405955,31.174141
121.406264,31.173759
121.405086,31.173356
121.405886,31.173461
121.405367,31.173785
121.405937,31.174032
121.401769,31.172308
121.400035,31.172392
121.399473,31.171485
121.399186,31.171479
121.399212,31.171727
121.399866,31.171727
121.397620,31.171340
121.392667,31.169394
121.391376,31.169039
121.390938,31.168750
121.392447,31.168021
121.391666,31.168361
121.391279,31.173881
121.391063,31.175083
121.387239,31.173431
121.386034,31.172412
121.386707,31.172205
121.387633,31.172046
121.395745,31.170955
121.406487,31.205876
121.407641,31.204804
121.407594,31.202584
121.408435,31.203204
121.408277,31.203964
121.408703,31.203179
121.408923,31.203765
121.409070,31.204997
121.413027,31.212826
121.412666,31.209245
121.409987,31.203671
121.411675,31.206074
121.411314,31.205009
121.414158,31.203117
121.413491,31.205453
121.412407,31.204171
121.409369,31.205735
121.412852,31.209204
121.408039,31.207330
121.408053,31.207064
121.409025,31.208150
121.407640,31.209562
121.409405,31.208485
121.409114,31.208650
121.412499,31.207136
121.411527,31.209180
121.409360,31.205180
121.413371,31.206735
121.413049,31.209517
121.412987,31.208144
121.416193,31.208634
121.412593,31.205734
121.414957,31.205780
121.413967,31.208489
121.412400,31.205994
121.412509,31.206421
121.414751,31.209019
121.413784,31.208516
121.414218,31.209488
121.414538,31.208808
121.415382,31.208885
121.416399,31.208160
121.416650,31.209360
121.424892,31.212262
121.425871,31.212311
121.423562,31.211402
121.422272,31.210545
121.423624,31.211184
121.422430,31.210014
121.423045,31.211400
121.424673,31.213267
121.424936,31.213845
121.425320,31.212481
121.425608,31.211895
121.426079,31.216181
121.423647,31.210585
121.423817,31.210760
121.425301,31.214375
121.425848,31.214182
121.428791,31.217631
121.430765,31.217086
121.431350,31.213245
121.432050,31.214333
121.432491,31.215047
121.435584,31.219247
121.436544,31.219608
121.436072,31.217724
121.438837,31.218627
121.437264,31.218270
121.442490,31.220815
121.443804,31.219254
121.443499,31.218509
121.443828,31.218382
121.443992,31.220083
121.440981,31.215754
121.444081,31.216476
121.444240,31.216735
121.444705,31.216795
121.443798,31.217026
121.444609,31.218124
121.442784,31.216480
121.443780,31.216352
121.444228,31.215985
121.445072,31.215040
121.443750,31.216111
121.442131,31.218012
121.442978,31.219859
121.442864,31.220619
121.442028,31.222670
121.441890,31.221652
121.441290,31.222466
121.443103,31.221979
121.442980,31.220515
121.443357,31.220715
121.443500,31.221139
121.444807,31.220826
121.446349,31.220940
121.445745,31.222183
121.445735,31.221735
121.445231,31.221983
121.444930,31.222093
121.444365,31.221513
121.444711,31.221953
121.444857,31.221906
121.446222,31.223079
121.448382,31.227746
121.449737,31.226104
121.448816,31.226046
121.448114,31.223373
121.448982,31.223003
121.449836,31.224670
121.450233,31.223730
121.449660,31.223584
121.449459,31.223432
121.449025,31.224229
121.449697,31.224449
121.449124,31.224202
121.448612,31.224643
121.450171,31.224559
121.447622,31.227373
121.446504,31.228003
121.447470,31.230865
121.446651,31.230512
121.446433,31.231825
121.445736,31.231662
121.446817,31.231125
121.447847,31.230731
121.446365,31.231774
121.343865,31.432595
121.449259,31.234820
121.452045,31.231947
121.451140,31.231584
121.450781,31.231763
121.451496,31.232334
121.451707,31.232393
121.451209,31.233143
121.452333,31.233005
121.346397,31.431623
121.450489,31.230324
121.345092,31.431873
121.344873,31.432014
121.448493,31.232696
121.444715,31.233194
121.444018,31.230714
121.442591,31.230193
121.438622,31.230360
121.434533,31.230491
121.434872,31.231020
121.434963,31.231122
121.436097,31.229015
121.438020,31.228123
121.438776,31.228833
121.437401,31.227175
121.437786,31.227500
121.436449,31.228078
121.436597,31.229036
121.437920,31.229467
121.439176,31.225815
121.440336,31.223381
121.439463,31.223702
121.434787,31.225556
121.431594,31.222689
121.431208,31.222275
121.431238,31.223318
121.432147,31.223114
121.431188,31.224951
121.431479,31.223519
121.434055,31.221747
121.434306,31.219266
121.437612,31.221518
121.437448,31.221206
121.437329,31.220881
121.438372,31.221572
121.437434,31.220551
121.437141,31.221412
121.435518,31.218530
121.436920,31.220251
121.437677,31.220736
121.436647,31.217901
121.435457,31.217519
121.438478,31.221385
121.438243,31.219582
121.436065,31.220204
121.437123,31.218821
121.438050,31.218543
121.438191,31.218749
121.437120,31.218248
121.436752,31.217134
121.436188,31.217367
121.436709,31.222288
121.435870,31.222927
121.434679,31.220812
121.435355,31.223682
121.427402,31.217711
121.427210,31.217284
121.434548,31.217816
121.436568,31.216033
121.437321,31.215670
121.437309,31.219109
121.437173,31.219095
121.438806,31.218982
121.436626,31.219767
121.435677,31.215409
121.438927,31.218502
121.437115,31.219096
121.440021,31.218414
121.435800,31.216931
121.440071,31.217565
121.437698,31.201662
121.436222,31.202284
121.437662,31.202510
121.437912,31.203106
121.435348,31.202443
121.435730,31.202133
121.435433,31.202516
121.436715,31.201608
121.438033,31.203362
121.435514,31.202141
121.435671,31.202064
121.435602,31.202439
121.435794,31.202387
121.436284,31.202848
121.437233,31.202271
121.437791,31.203818
121.435813,31.202669
121.437687,31.202039
121.436811,31.200870
121.436785,31.201735
121.436360,31.201688
121.437692,31.200312
121.438386,31.201676
121.437640,31.200575
121.436797,31.200335
121.437158,31.200746
121.436835,31.200738
121.436628,31.201258
121.436360,31.201556
121.437326,31.200853
121.441324,31.195005
121.439471,31.194706
121.436648,31.197111
121.440710,31.191616
121.444985,31.187696
121.439109,31.191061
121.436244,31.194962
121.438477,31.194608
121.429625,31.190749
121.429389,31.190992
121.429307,31.191009
121.430342,31.191601
121.430084,31.190872
121.429060,31.191250
121.430740,31.191412
121.430485,31.190970
121.429872,31.191486
121.430717,31.191411
121.431026,31.190997
121.428857,31.190190
121.428451,31.190172
121.429360,31.191144
121.429328,31.190617
121.429189,31.191015
121.428229,31.189266
121.424938,31.187940
121.423639,31.186993
121.424218,31.187059
121.423597,31.186838
121.423496,31.188326
121.423279,31.186868
121.423106,31.187451
121.424273,31.187001
121.424373,31.181590
121.422285,31.180283
121.417665,31.181796
121.416965,31.177465
121.415727,31.176958
121.416067,31.176374
121.416532,31.174708
121.415542,31.174797
121.415685,31.174814
121.415322,31.175017
121.414048,31.175953
121.413657,31.175867
121.414532,31.176615
121.411052,31.176819
121.410393,31.175594
121.409482,31.176621
121.410728,31.175722
121.412172,31.177159
121.411229,31.173524
121.409104,31.173145
121.408193,31.173042
121.408669,31.172649
121.410911,31.174004
121.410124,31.175389
121.410072,31.173824
121.409011,31.174100
121.409514,31.174251
121.408801,31.174009
121.409337,31.173937
121.409707,31.173897
121.410326,31.174514
121.409300,31.173905
121.408921,31.173967
121.409007,31.175076
121.405933,31.174677
121.406181,31.174793
121.407072,31.174490
121.407212,31.175398
121.407106,31.176044
121.406519,31.174289
121.406256,31.176013
121.406748,31.174950
121.405789,31.173614
121.404891,31.174150
121.405320,31.175147
121.405685,31.174836
121.406491,31.176053
121.408440,31.173984
121.406485,31.174990
121.405670,31.175041
121.404992,31.174777
121.410174,31.175151
121.406118,31.174359
121.405487,31.173992
121.405787,31.174425
121.404596,31.172882
121.400867,31.172219
121.399703,31.171264
121.399843,31.171189
121.399463,31.171462
121.400871,31.174736
121.402678,31.175163
121.401364,31.175363
121.401767,31.176152
121.401340,31.175414
121.401142,31.175926
121.400622,31.175478
121.402208,31.175058
121.399936,31.175117
121.401949,31.174962
121.404648,31.174377
121.404351,31.173779
121.404843,31.173962
121.404331,31.174105
121.402868,31.174227
121.409663,31.172037
121.408134,31.175573
121.404152,31.175974
121.404059,31.176279
121.404219,31.176416
121.404029,31.176249
121.404318,31.176611
121.403922,31.176206
121.405209,31.176379
121.406112,31.175996
121.404675,31.177002
121.404242,31.176077
121.404904,31.176025
121.404447,31.175832
121.404023,31.176401
121.403949,31.176224
121.404764,31.176046
121.405066,31.175708
121.406176,31.175746
121.408194,31.174996
121.407268,31.174344
121.407162,31.175784
121.406247,31.173968
121.405714,31.174743
121.405666,31.174624
121.408856,31.174283
121.406095,31.174641
121.408331,31.174861
121.408644,31.175720
121.408042,31.175634
121.407290,31.174979
121.405955,31.175718
121.406856,31.175422
121.407189,31.175362
121.406522,31.175636
121.407558,31.175141
121.407160,31.175203
121.407371,31.177816
121.412486,31.180445
121.412958,31.180390
121.413390,31.180621
121.413538,31.180536
121.413078,31.180282
121.413374,31.181065
121.417627,31.188866
121.413365,31.180567
121.413084,31.180389
121.414422,31.180483
121.418067,31.179114
121.422733,31.179592
121.422976,31.181007
121.423777,31.180050
121.423206,31.179670
121.423483,31.180023
121.424285,31.181136
121.423269,31.180622
121.423558,31.181821
121.424018,31.183211
121.423393,31.183743
121.423829,31.183741
121.423209,31.183461
121.424186,31.183959
121.424656,31.184003
121.424403,31.183755
121.424681,31.183715
121.424376,31.183824
121.423497,31.183700
121.424018,31.183817
121.426032,31.185972
121.428832,31.189490
121.429962,31.191424
121.429238,31.191163
121.428763,31.190506
121.428767,31.190288
121.431140,31.185279
121.432915,31.181305
121.429840,31.188953
121.427453,31.190110
121.428115,31.190541
121.429107,31.191029
121.428942,31.190521
121.427683,31.190096
121.427665,31.190460
121.428587,31.190153
121.428045,31.190003
121.427644,31.190189
121.428844,31.190931
121.429608,31.191080
121.430321,31.190907
121.428420,31.190404
121.427686,31.190470
121.427869,31.190807
121.428609,31.190270
121.429615,31.191219
121.430659,31.191422
121.431470,31.191194
121.429445,31.190499
121.428515,31.190254
121.428490,31.190253
121.428294,31.190304
121.429748,31.190958
121.430539,31.191505
121.430797,31.191766
121.430236,31.191880
121.430298,31.191276
121.438970,31.197136
121.438434,31.196300
121.439821,31.195875
121.439132,31.193853
121.440362,31.193587
121.442600,31.194892
121.444747,31.194829
121.446428,31.196902
121.445782,31.198030
121.445498,31.198166
121.445937,31.196366
121.448056,31.197121
121.449458,31.199245
121.449776,31.199127
121.450740,31.199172
121.450437,31.198915
121.450360,31.198719
121.449709,31.199727
121.450783,31.198800
121.453810,31.192283
121.452492,31.193205
121.452261,31.193407
121.452390,31.192833
121.452860,31.193803
121.453195,31.194174
121.453493,31.194111
121.452655,31.194176
121.452413,31.192913
121.452508,31.193297
121.452038,31.193951
121.452456,31.194946
121.452396,31.194630
121.452480,31.194250
121.452680,31.194431
121.452706,31.194735
121.451493,31.194441
121.452703,31.193068
121.454309,31.189067
121.453591,31.192842
121.453484,31.192423
121.453412,31.192879
121.453449,31.192288
121.453686,31.191991
121.454113,31.192450
121.454931,31.192297
121.454733,31.192402
121.455074,31.192290
121.454331,31.192536
121.453459,31.192269
121.453809,31.192216
121.454075,31.192067
121.453710,31.192120
121.453618,31.192350
121.453149,31.192412
121.453511,31.193795
121.453521,31.192232
121.453293,31.192564
121.453246,31.192805
121.453611,31.192053
121.453917,31.191988
121.453733,31.192326
121.454453,31.192552
121.453409,31.192198
121.455158,31.186880
121.451549,31.187094
121.450391,31.188600
121.451589,31.189001
121.452495,31.189419
121.451733,31.188989
121.451545,31.189460
121.450806,31.189929
121.450984,31.189493
121.451136,31.189208
121.451131,31.189578
121.451072,31.188873
121.450914,31.189147
121.451789,31.189309
121.451501,31.190381
121.451870,31.188922
121.453543,31.184795
121.451990,31.185756
121.450740,31.188242
121.450268,31.187927
121.449748,31.193025
121.448336,31.193265
121.445436,31.185279
121.443557,31.185380
121.443724,31.185276
121.443353,31.185456
121.443363,31.185329
121.443758,31.185582
121.444248,31.184860
121.444581,31.186291
121.445117,31.184613
121.444905,31.184244
121.444829,31.185071
121.444886,31.181688
121.445450,31.184473
121.444828,31.185334
121.446254,31.186464
121.442499,31.184205
121.440529,31.186089
121.440412,31.186953
121.441289,31.186071
121.441388,31.186433
121.443117,31.190745
121.443071,31.190600
121.442916,31.190880
121.441985,31.183685
121.442605,31.186698
121.441890,31.186321
121.440304,31.186391
121.441040,31.186105
121.441131,31.186379
121.440666,31.184865
121.440653,31.185960
121.441902,31.186651
121.444931,31.185381
121.445126,31.184363
121.445248,31.187345
121.446344,31.187964
121.446394,31.185901
121.446090,31.185792
121.448665,31.183392
121.450135,31.192990
121.450281,31.194753
121.452039,31.189168
121.451491,31.190660
121.451681,31.188686
121.453660,31.194012
121.452836,31.188315
121.451644,31.188788
121.453315,31.190432
121.455303,31.189655
121.455284,31.190824
121.455197,31.192065
121.457244,31.188167
121.457388,31.190308
121.457682,31.192637
121.457281,31.193843
121.459041,31.189894
121.464612,31.208346
121.469641,31.201734
121.471442,31.202524
121.474693,31.195493
121.476197,31.199037
121.477288,31.197897
121.477795,31.199387
121.480814,31.200038
121.479779,31.201402
121.476138,31.202825
121.476038,31.202517
121.475385,31.202764
121.476233,31.200832
121.477312,31.200289
121.478743,31.200061
121.479674,31.200871
121.480221,31.199074
121.484254,31.208989
121.482065,31.198695
121.481237,31.198102
121.479869,31.197938
121.480908,31.199160
121.482173,31.195819
121.506657,31.196735
121.510247,31.190352
121.509581,31.192338
121.510529,31.193263
121.509472,31.190711
121.509498,31.193069
121.508926,31.191088
121.509503,31.189963
121.508938,31.189496
121.509390,31.189895
121.508798,31.187492
121.507134,31.188550
121.508417,31.190753
121.508319,31.194585
121.511026,31.189725
121.511260,31.191674
121.512191,31.189704
121.509176,31.191333
121.512077,31.191078
121.512807,31.188318
121.513357,31.187578
121.512022,31.189060
121.511836,31.187767
121.511945,31.189776
121.512822,31.188612
121.513675,31.190749
121.512620,31.192597
121.512709,31.192249
121.513267,31.189743
121.510574,31.193394
121.511431,31.192300
121.512040,31.189348
121.511630,31.189500
121.512209,31.189898
121.511390,31.189035
121.512488,31.191201
121.509461,31.189401
121.510233,31.189309
121.509730,31.191273
121.504779,31.185151
121.509605,31.187342
121.512000,31.185903
121.512264,31.189506
121.509085,31.193197
121.508941,31.192340
121.509652,31.191829
121.510826,31.186883
121.509061,31.191434
121.508193,31.193143
121.511190,31.189356
121.511147,31.190759
121.508934,31.190491
121.509509,31.189739
121.510617,31.188747
121.511866,31.190028
121.512059,31.190763
121.510133,31.189160
121.511426,31.190732
121.510219,31.188246
121.511686,31.188831
121.513090,31.185029
121.510481,31.186233
121.510100,31.186179
121.510213,31.185172
121.510580,31.184960
121.512654,31.189457
121.513252,31.189836
121.512639,31.190251
121.511801,31.187817
121.510651,31.189314
121.510210,31.190210
121.507889,31.190803
121.507367,31.190514
121.506580,31.192170
121.508294,31.191182
121.506966,31.191954
121.508559,31.191547
121.509472,31.188553
121.507554,31.185638
121.505226,31.185866
121.504221,31.200408
121.507682,31.214361
121.510817,31.216700
121.510261,31.214163
121.508744,31.214714
121.510845,31.216313
121.512959,31.217525
121.516159,31.214232
121.514661,31.214599
121.515928,31.215290
121.521709,31.215238
121.514957,31.217746
121.514396,31.217243
121.515225,31.215003
121.513834,31.218441
121.514186,31.215253
121.510969,31.217899
121.509403,31.196297
121.507079,31.216497
121.509463,31.204464
121.508926,31.212620
121.509082,31.208697
121.509176,31.204555
121.508618,31.210102
121.509410,31.210333
121.507776,31.211606
121.508857,31.211080
121.509940,31.208563
121.508334,31.210401
121.508751,31.209889
121.509886,31.208841
121.510445,31.209291
121.508528,31.204755
121.508098,31.204941
121.510476,31.208150
121.510362,31.209039
121.506550,31.208366
121.508771,31.203984
121.507632,31.209683
121.509692,31.206471
121.509172,31.206051
121.508765,31.212364
121.508052,31.212445
121.508159,31.209517
121.507515,31.211250
121.509952,31.210696
121.510350,31.210316
121.507480,31.213860
121.509982,31.207751
121.507250,31.211303
121.508779,31.207565
121.509930,31.210423
121.510214,31.215082
121.510653,31.211428
121.509693,31.212083
121.510164,31.209183
121.508210,31.212332
121.509031,31.213479
121.507311,31.213002
121.505391,31.215201
121.507025,31.213189
121.506638,31.215379
121.507869,31.210673
121.506778,31.210813
121.506679,31.196391
121.507349,31.195708
121.509264,31.199273
121.511348,31.194905
121.508257,31.201033
121.507971,31.204188
121.514077,31.213044
121.514402,31.215506
121.515508,31.214879
121.513251,31.215723
121.512584,31.219404
121.513153,31.218308
121.513761,31.218704
121.515146,31.215150
121.510785,31.220068
121.511658,31.218310
121.510567,31.214400
121.510049,31.214335
121.510047,31.216438
121.509663,31.218625
121.508981,31.222857
121.509932,31.224187
121.508635,31.226642
121.505871,31.227341
121.505903,31.228338
121.500958,31.229695
121.504144,31.228795
121.498699,31.231367
121.497378,31.234230
121.480097,31.232984
121.482098,31.228658
121.482039,31.228714
121.482229,31.228609
121.482537,31.231047
121.482893,31.230797
121.481580,31.227827
121.482420,31.229064
121.483073,31.228732
121.483204,31.228118
121.483088,31.228179
121.481022,31.227624
121.480151,31.226831
121.477946,31.227049
121.473429,31.224887
121.470800,31.223295
121.470925,31.225107
121.470942,31.223755
121.469902,31.224829
121.466543,31.225822
121.466756,31.226881
121.464964,31.226206
121.465624,31.225816
121.467141,31.226667
121.467744,31.226753
121.467198,31.226806
121.467340,31.226948
121.465731,31.229156
121.452142,31.225941
121.451001,31.225052
121.450546,31.225108
121.451450,31.225450
121.452963,31.226874
121.452837,31.226438
121.452778,31.226864
121.452151,31.227382
121.450685,31.226271
121.451655,31.225247
121.450239,31.225409
121.451520,31.225207
121.452683,31.226003
121.451795,31.225642
121.451383,31.225076
121.451895,31.225535
121.451959,31.225753
121.451025,31.224888
121.452578,31.225756
121.450703,31.226133
121.450670,31.224856
121.451768,31.225300
121.450922,31.226500
121.448600,31.225516
121.442680,31.225621
121.441266,31.223183
121.440476,31.221323
121.440283,31.221706
121.441473,31.222090
121.440355,31.221127
121.441522,31.222012
121.442364,31.222768
121.441101,31.222931
121.441597,31.221065
121.440713,31.221382
121.431923,31.216902
121.426505,31.212826
121.426297,31.216181
121.426770,31.219004
121.425290,31.213107
121.427814,31.216707
121.426997,31.218156
121.427898,31.216823
121.425693,31.216394
121.428013,31.218060
121.426682,31.214001
121.427900,31.219100
121.426569,31.215552
121.426534,31.216095
121.426123,31.214902
121.424488,31.211175
121.415086,31.208881
121.417204,31.209355
121.417534,31.208422
121.420261,31.206916
121.415133,31.209878
121.418003,31.213797
121.417979,31.213041
121.418179,31.212029
121.418533,31.213133
121.415962,31.210613
121.418667,31.214194
121.414942,31.209730
121.414937,31.208132
121.415917,31.208771
121.414776,31.212639
121.415563,31.209793
121.413251,31.207930
121.411879,31.205736
121.410799,31.205937
121.409214,31.205908
121.408857,31.204407
121.409294,31.206966
121.408867,31.208695
121.407564,31.208470
121.407600,31.207689
121.412160,31.211886
121.412326,31.211718
121.414707,31.213705
121.414510,31.212747
121.409270,31.204404
121.415104,31.212431
121.414019,31.210712
121.409028,31.203938
121.409752,31.204428
121.414143,31.213507
121.412057,31.209513
121.413870,31.214850
121.412964,31.211630
121.412208,31.211528
121.412654,31.211812
121.413126,31.211883
121.412747,31.211902
121.411906,31.210961
121.411562,31.211228
121.412605,31.212024
121.412804,31.211475
121.412967,31.211313
121.411550,31.207722
121.413982,31.216058
121.414869,31.217543
121.409208,31.208519
121.411319,31.218081
121.403000,31.209704
121.404022,31.206867
121.406279,31.209524
121.406329,31.215036
121.410209,31.218224
121.410767,31.218066
121.405015,31.214280
121.404617,31.212506
121.403080,31.210569
121.410511,31.219666
121.404751,31.215021
121.407289,31.215735
121.408240,31.215482
121.409565,31.217247
121.358525,31.316633
121.412728,31.218980
121.409022,31.218265
121.407702,31.213922
121.404354,31.211309
121.408650,31.216879
121.404452,31.211111
121.408361,31.218411
121.408060,31.216945
121.407844,31.215807
121.404624,31.213694
121.406201,31.213684
121.406091,31.209724
121.404193,31.210586
121.406946,31.215097
121.408900,31.219053
121.403481,31.211697
121.406531,31.214675
121.404351,31.211835
121.405291,31.212150
121.406058,31.212028
121.405014,31.212089
121.405208,31.212251
121.407015,31.215149
121.407944,31.215871
121.406849,31.214165
121.404462,31.210492
121.407637,31.215634
121.405210,31.211842
121.405925,31.214352
121.407747,31.215068
121.406894,31.214591
121.404980,31.214672
121.406251,31.216355
121.405683,31.212313
121.405892,31.212822
121.404237,31.210428
121.407751,31.215262
121.399187,31.217453
121.377492,31.248815
121.369068,31.251291
121.359683,31.248122
121.358355,31.246422
121.371596,31.251030
121.363931,31.249019
121.360809,31.248795
121.372265,31.250947
121.365911,31.249103
121.361882,31.248107
121.359356,31.248797
121.367162,31.251221
121.358773,31.247383
121.369345,31.251685
121.362194,31.250967
121.362171,31.248940
121.367253,31.249380
121.366139,31.249626
121.370173,31.249772
121.369161,31.250972
121.370291,31.251610
121.364546,31.254187
121.368377,31.258002
121.368496,31.256935
121.368014,31.257004
121.371738,31.258859
121.373408,31.263588
121.370188,31.262499
121.373411,31.269691
121.386248,31.262866
121.387508,31.259944
121.388728,31.259996
121.386798,31.260646
121.385816,31.260973
121.386211,31.260671
121.391467,31.260136
121.388928,31.258844
121.387606,31.261064
121.386558,31.260017
121.386070,31.260730
121.388326,31.259018
121.386686,31.259259
121.388092,31.259819
121.386774,31.260187
121.385573,31.259839
121.385996,31.261482
121.386984,31.260119
121.385564,31.261742
121.383643,31.260249
121.386290,31.260685
121.389681,31.259982
121.387217,31.260772
121.387896,31.260785
121.390331,31.259945
121.388923,31.260473
121.393890,31.259198
121.393383,31.258275
121.391495,31.260037
121.384834,31.259968
121.399124,31.261527
121.402987,31.263888
121.405277,31.267721
121.399500,31.265254
121.398552,31.265947
121.397973,31.267290
121.404644,31.268063
121.405840,31.266364
121.402116,31.264729
121.405183,31.267833
121.399953,31.264387
