1	longitude	0.091128
2	pred_lon	0.088844
3	p_lon	0.086342
4	n_lon	0.082582
5	pred_lat	0.062282
6	latitude	0.061438
7	p_lat	0.053961
8	n_lat	0.048203
9	All-Neighbor LAC (Sorted)[1]	0.046871
10	LAC	0.045394
11	All-Neighbor LAC (Sorted)[2]	0.028022
12	3	0.019600
13	7	0.016744
14	All-Neighbor LAC (Sorted)[3]	0.015267
15	9	0.014707
16	12	0.013158
17	All-Neighbor Cell Id (Sorted)[2]	0.012855
18	8	0.012675
19	11	0.012255
20	All-Neighbor RxLev (dBm) (Sorted)[2]	0.011995
21	13	0.010324
22	All-Neighbor LAC (Sorted)[4]	0.009332
23	CI	0.009062
24	All-Neighbor Cell Id (Sorted)[1]	0.008468
25	4	0.008072
26	0	0.007886
27	1	0.007200
28	All-Neighbor RxLev (dBm) (Sorted)[3]	0.006068
29	All-Neighbor Cell Id (Sorted)[3]	0.005953
30	2	0.005891
31	All-Neighbor LAC (Sorted)[5]	0.005596
32	6	0.005069
33	p_timegap	0.003978
34	5	0.003813
35	n_timegap	0.003510
36	10	0.003131
37	All-Neighbor Cell Id (Sorted)[4]	0.002923
38	All-Neighbor RxLev (dBm) (Sorted)[4]	0.002807
39	n_angle	0.002619
40	All-Neighbor LAC (Sorted)[6]	0.002586
41	p_dist	0.002404
42	14	0.002382
43	All-RxLev Full (dBm)	0.002343
44	All-Neighbor RxLev (dBm) (Sorted)[1]	0.002263
45	p_angle	0.002262
46	All-RxLev Sub (dBm)	0.002244
47	n_dist	0.002203
48	All-Neighbor Cell Id (Sorted)[5]	0.001917
49	p_speed	0.001683
50	n_speed	0.001627
51	All-Neighbor RxLev (dBm) (Sorted)[5]	0.001419
52	All-Neighbor Cell Id (Sorted)[6]	0.000984
53	All-Neighbor RxLev (dBm) (Sorted)[6]	0.000852
54	783	0.000609
55	876	0.000525
56	858	0.000507
57	971	0.000482
58	128	0.000376
59	1669	0.000353
60	131	0.000339
61	1106	0.000313
62	130	0.000300
63	857	0.000290
64	917	0.000279
65	802	0.000267
66	224	0.000257
67	1500	0.000246
68	1842	0.000246
69	243	0.000234
70	1313	0.000226
71	26	0.000222
72	1024	0.000221
73	784	0.000205
74	116	0.000204
75	1370	0.000198
76	803	0.000192
77	174	0.000176
78	488	0.000174
79	113	0.000166
80	64	0.000166
81	825	0.000154
82	1065	0.000154
83	1368	0.000151
84	1304	0.000149
85	17	0.000149
86	486	0.000146
87	195	0.000144
88	1420	0.000144
89	123	0.000143
90	913	0.000138
91	18	0.000137
92	1461	0.000137
93	738	0.000136
94	537	0.000134
95	451	0.000130
96	797	0.000128
97	1242	0.000127
98	465	0.000122
99	1835	0.000119
100	112	0.000119
101	34	0.000118
102	801	0.000117
103	875	0.000115
104	919	0.000114
105	226	0.000113
106	1600	0.000113
107	813	0.000112
108	796	0.000111
109	21	0.000110
110	1067	0.000105
111	798	0.000105
112	1477	0.000104
113	1351	0.000103
114	82	0.000103
115	48	0.000103
116	1483	0.000103
117	774	0.000100
118	23	0.000100
119	231	0.000099
120	623	0.000098
121	210	0.000097
122	20	0.000095
123	19	0.000095
124	316	0.000095
125	1015	0.000094
126	659	0.000094
127	1791	0.000093
128	1047	0.000092
129	369	0.000091
130	1632	0.000091
131	134	0.000091
132	416	0.000089
133	1628	0.000089
134	547	0.000085
135	1393	0.000085
136	223	0.000084
137	921	0.000084
138	606	0.000083
139	743	0.000082
140	1009	0.000082
141	318	0.000079
142	461	0.000079
143	211	0.000079
144	641	0.000076
145	255	0.000074
146	800	0.000072
147	51	0.000072
148	1352	0.000071
149	2526	0.000071
150	393	0.000069
151	129	0.000069
152	534	0.000068
153	59	0.000068
154	1142	0.000068
155	1617	0.000067
156	1350	0.000067
157	377	0.000065
158	417	0.000064
159	229	0.000064
160	61	0.000063
161	152	0.000063
162	378	0.000063
163	823	0.000061
164	584	0.000061
165	154	0.000061
166	920	0.000061
167	890	0.000061
168	376	0.000061
169	2608	0.000060
170	765	0.000060
171	311	0.000060
172	395	0.000059
173	1066	0.000059
174	706	0.000059
175	352	0.000059
176	450	0.000059
177	1493	0.000058
178	574	0.000058
179	1406	0.000058
180	744	0.000057
181	648	0.000057
182	115	0.000056
183	421	0.000056
184	1858	0.000055
185	1228	0.000055
186	585	0.000055
187	1593	0.000055
188	293	0.000054
189	176	0.000053
190	418	0.000053
191	818	0.000053
192	528	0.000053
193	1464	0.000053
194	2241	0.000053
195	1108	0.000052
196	196	0.000052
197	126	0.000051
198	382	0.000051
199	233	0.000051
200	1802	0.000051
201	533	0.000050
202	284	0.000050
203	1371	0.000049
204	999	0.000049
205	879	0.000049
206	773	0.000049
207	464	0.000047
208	816	0.000047
209	58	0.000047
210	109	0.000047
211	1514	0.000046
212	1561	0.000046
213	647	0.000045
214	1021	0.000045
215	37	0.000045
216	1158	0.000045
217	892	0.000045
218	1010	0.000045
219	125	0.000045
220	1992	0.000045
221	1170	0.000044
222	219	0.000044
223	457	0.000044
224	923	0.000043
225	94	0.000043
226	1357	0.000042
227	132	0.000042
228	49	0.000042
229	737	0.000042
230	907	0.000042
231	505	0.000042
232	24	0.000042
233	78	0.000042
234	1599	0.000041
235	408	0.000041
236	351	0.000041
237	894	0.000041
238	155	0.000041
239	895	0.000041
240	118	0.000040
241	119	0.000040
242	1834	0.000040
243	1805	0.000040
244	1475	0.000040
245	1201	0.000040
246	313	0.000039
247	234	0.000039
248	1333	0.000039
249	1018	0.000039
250	860	0.000039
251	770	0.000039
252	1515	0.000038
253	763	0.000038
254	976	0.000038
255	1471	0.000038
256	1495	0.000038
257	1382	0.000038
258	2124	0.000038
259	380	0.000038
260	1559	0.000038
261	1355	0.000038
262	72	0.000038
263	385	0.000037
264	1510	0.000037
265	2609	0.000037
266	310	0.000036
267	32	0.000036
268	1173	0.000036
269	142	0.000036
270	952	0.000036
271	577	0.000036
272	1019	0.000036
273	956	0.000035
274	1591	0.000035
275	1041	0.000035
276	168	0.000035
277	406	0.000035
278	812	0.000035
279	431	0.000035
280	2354	0.000035
281	899	0.000034
282	705	0.000034
283	2274	0.000034
284	241	0.000034
285	178	0.000034
286	1330	0.000034
287	526	0.000034
288	74	0.000034
289	1110	0.000033
290	147	0.000033
291	1361	0.000033
292	1315	0.000033
293	1731	0.000033
294	1753	0.000033
295	1789	0.000033
296	1733	0.000033
297	885	0.000033
298	1269	0.000033
299	475	0.000033
300	1048	0.000033
301	235	0.000033
302	398	0.000032
303	1268	0.000032
304	117	0.000032
305	236	0.000032
306	349	0.000032
307	2036	0.000032
308	947	0.000032
309	953	0.000032
310	771	0.000032
311	249	0.000031
312	97	0.000031
313	212	0.000031
314	27	0.000031
315	1060	0.000031
316	1869	0.000031
317	1153	0.000031
318	2418	0.000031
319	1049	0.000030
320	275	0.000030
321	360	0.000030
322	693	0.000030
323	479	0.000030
324	1533	0.000030
325	972	0.000029
326	550	0.000029
327	15	0.000029
328	99	0.000029
329	974	0.000029
330	136	0.000029
331	864	0.000029
332	1328	0.000029
333	1523	0.000029
334	1303	0.000029
335	332	0.000029
336	272	0.000028
337	259	0.000028
338	924	0.000028
339	2285	0.000028
340	984	0.000028
341	1297	0.000028
342	613	0.000028
343	788	0.000028
344	821	0.000028
345	317	0.000027
346	153	0.000027
347	110	0.000027
348	266	0.000027
349	1027	0.000027
350	468	0.000027
351	831	0.000027
352	399	0.000027
353	725	0.000027
354	1329	0.000027
355	673	0.000027
356	1251	0.000027
357	882	0.000027
358	1401	0.000027
359	2469	0.000027
360	553	0.000027
361	982	0.000026
362	2411	0.000026
363	1385	0.000026
364	897	0.000026
365	2033	0.000026
366	624	0.000026
367	2606	0.000026
368	257	0.000026
369	804	0.000026
370	1362	0.000026
371	2618	0.000026
372	1803	0.000026
373	1286	0.000026
374	593	0.000026
375	194	0.000025
376	665	0.000025
377	1293	0.000025
378	578	0.000025
379	148	0.000025
380	334	0.000025
381	2332	0.000025
382	2288	0.000025
383	761	0.000025
384	1542	0.000025
385	246	0.000025
386	1831	0.000025
387	1023	0.000025
388	1022	0.000025
389	1013	0.000025
390	747	0.000025
391	527	0.000025
392	460	0.000025
393	2069	0.000024
394	428	0.000024
395	346	0.000024
396	629	0.000024
397	828	0.000024
398	1229	0.000024
399	627	0.000024
400	1451	0.000024
401	227	0.000024
402	2134	0.000024
403	1042	0.000024
404	844	0.000024
405	63	0.000024
406	616	0.000024
407	163	0.000024
408	918	0.000024
409	29	0.000023
410	1971	0.000023
411	2233	0.000023
412	2203	0.000023
413	2440	0.000023
414	2483	0.000023
415	2052	0.000023
416	817	0.000023
417	851	0.000023
418	347	0.000023
419	221	0.000023
420	1734	0.000023
421	854	0.000023
422	1634	0.000023
423	92	0.000023
424	1225	0.000023
425	781	0.000022
426	344	0.000022
427	81	0.000022
428	65	0.000022
429	165	0.000022
430	1366	0.000022
431	307	0.000022
432	1031	0.000022
433	964	0.000022
434	60	0.000022
435	489	0.000022
436	1592	0.000022
437	829	0.000022
438	1129	0.000022
439	209	0.000022
440	1029	0.000022
441	628	0.000022
442	396	0.000022
443	910	0.000022
444	2322	0.000022
445	1164	0.000022
446	1162	0.000022
447	548	0.000021
448	1693	0.000021
449	2236	0.000021
450	1622	0.000021
451	880	0.000021
452	1844	0.000021
453	79	0.000021
454	762	0.000021
455	1502	0.000021
456	390	0.000021
457	669	0.000021
458	1571	0.000021
459	251	0.000021
460	245	0.000021
461	405	0.000021
462	543	0.000021
463	409	0.000021
464	1226	0.000021
465	570	0.000020
466	859	0.000020
467	1336	0.000020
468	1558	0.000020
469	556	0.000020
470	1484	0.000020
471	942	0.000020
472	690	0.000020
473	285	0.000020
474	1040	0.000020
475	225	0.000020
476	269	0.000020
477	407	0.000020
478	108	0.000020
479	943	0.000020
480	728	0.000020
481	867	0.000020
482	1447	0.000019
483	191	0.000019
484	1465	0.000019
485	1940	0.000019
486	631	0.000019
487	288	0.000019
488	634	0.000019
489	1077	0.000019
490	144	0.000019
491	1063	0.000019
492	260	0.000019
493	685	0.000019
494	1127	0.000019
495	278	0.000019
496	1557	0.000019
497	467	0.000019
498	1388	0.000019
499	276	0.000018
500	927	0.000018
501	791	0.000018
502	88	0.000018
503	580	0.000018
504	1387	0.000018
505	1449	0.000018
506	439	0.000018
507	2342	0.000018
508	182	0.000018
509	1349	0.000018
510	71	0.000018
511	1232	0.000018
512	1053	0.000018
513	1282	0.000018
514	149	0.000018
515	1185	0.000017
516	1952	0.000017
517	222	0.000017
518	286	0.000017
519	853	0.000017
520	748	0.000017
521	217	0.000017
522	965	0.000017
523	893	0.000017
524	2084	0.000017
525	1398	0.000017
526	1294	0.000017
527	1012	0.000017
528	335	0.000017
529	237	0.000017
530	1623	0.000017
531	242	0.000017
532	1389	0.000017
533	1227	0.000017
534	2138	0.000017
535	1954	0.000017
536	341	0.000017
537	1107	0.000016
538	252	0.000016
539	1233	0.000016
540	1155	0.000016
541	1752	0.000016
542	89	0.000016
543	1998	0.000016
544	35	0.000016
545	1928	0.000016
546	238	0.000016
547	2122	0.000016
548	692	0.000016
549	91	0.000016
550	611	0.000016
551	995	0.000016
552	1614	0.000016
553	500	0.000016
554	711	0.000016
555	1926	0.000016
556	190	0.000016
557	1688	0.000016
558	1904	0.000016
559	789	0.000016
560	319	0.000016
561	795	0.000016
562	2130	0.000016
563	1283	0.000016
564	397	0.000016
565	1427	0.000016
566	1494	0.000016
567	296	0.000016
568	1552	0.000016
569	941	0.000016
570	2190	0.000016
571	663	0.000016
572	1035	0.000016
573	1174	0.000016
574	1097	0.000016
575	494	0.000016
576	1383	0.000015
577	2345	0.000015
578	1307	0.000015
579	1011	0.000015
580	561	0.000015
581	1534	0.000015
582	1459	0.000015
583	1999	0.000015
584	1915	0.000015
585	206	0.000015
586	1526	0.000015
587	480	0.000015
588	1394	0.000015
589	702	0.000015
590	214	0.000015
591	1525	0.000015
592	220	0.000015
593	1633	0.000015
594	968	0.000015
595	1346	0.000015
596	792	0.000015
597	2343	0.000015
598	139	0.000015
599	228	0.000015
600	2159	0.000015
601	886	0.000015
602	811	0.000015
603	654	0.000015
604	1936	0.000015
605	1553	0.000015
606	716	0.000015
607	1213	0.000015
608	1615	0.000015
609	1948	0.000015
610	1808	0.000014
611	518	0.000014
612	1124	0.000014
613	2161	0.000014
614	215	0.000014
615	502	0.000014
616	891	0.000014
617	476	0.000014
618	1183	0.000014
619	532	0.000014
620	205	0.000014
621	863	0.000014
622	1432	0.000014
623	667	0.000014
624	954	0.000014
625	449	0.000014
626	1527	0.000014
627	734	0.000014
628	1146	0.000014
629	794	0.000014
630	785	0.000014
631	787	0.000014
632	1822	0.000014
633	970	0.000014
634	216	0.000014
635	545	0.000014
636	861	0.000014
637	1706	0.000014
638	759	0.000014
639	2527	0.000014
640	756	0.000014
641	1466	0.000014
642	742	0.000014
643	1421	0.000014
644	1846	0.000014
645	384	0.000014
646	1165	0.000014
647	926	0.000014
648	1930	0.000014
649	626	0.000013
650	1074	0.000013
651	609	0.000013
652	1284	0.000013
653	2186	0.000013
654	2538	0.000013
655	1310	0.000013
656	975	0.000013
657	1903	0.000013
658	2197	0.000013
659	1602	0.000013
660	62	0.000013
661	274	0.000013
662	1348	0.000013
663	76	0.000013
664	1790	0.000013
665	772	0.000013
666	668	0.000013
667	560	0.000013
668	207	0.000013
669	1809	0.000013
670	2592	0.000013
671	906	0.000013
672	677	0.000013
673	250	0.000013
674	1837	0.000013
675	1059	0.000013
676	822	0.000013
677	2537	0.000013
678	1202	0.000013
679	179	0.000013
680	1704	0.000013
681	512	0.000013
682	55	0.000013
683	157	0.000013
684	622	0.000013
685	865	0.000013
686	1642	0.000013
687	453	0.000013
688	270	0.000013
689	22	0.000013
690	372	0.000013
691	575	0.000013
692	2010	0.000012
693	497	0.000012
694	477	0.000012
695	2175	0.000012
696	1639	0.000012
697	120	0.000012
698	866	0.000012
699	1443	0.000012
700	1101	0.000012
701	387	0.000012
702	604	0.000012
703	1407	0.000012
704	855	0.000012
705	1045	0.000012
706	213	0.000012
707	1239	0.000012
708	1612	0.000012
709	617	0.000012
710	542	0.000012
711	757	0.000012
712	2357	0.000012
713	127	0.000012
714	1956	0.000012
715	1721	0.000012
716	2351	0.000012
717	1379	0.000012
718	36	0.000012
719	739	0.000012
720	1425	0.000012
721	597	0.000012
722	1133	0.000012
723	414	0.000012
724	1070	0.000012
725	496	0.000012
726	1139	0.000012
727	523	0.000012
728	204	0.000012
729	1168	0.000012
730	402	0.000012
731	2549	0.000012
732	419	0.000011
733	470	0.000011
734	2355	0.000011
735	710	0.000011
736	824	0.000011
737	1347	0.000011
738	522	0.000011
739	2479	0.000011
740	2605	0.000011
741	2590	0.000011
742	436	0.000011
743	1676	0.000011
744	1671	0.000011
745	636	0.000011
746	2072	0.000011
747	248	0.000011
748	608	0.000011
749	653	0.000011
750	1478	0.000011
751	536	0.000011
752	922	0.000011
753	383	0.000011
754	1258	0.000011
755	1665	0.000011
756	1701	0.000011
757	472	0.000011
758	1255	0.000011
759	106	0.000011
760	1050	0.000011
761	198	0.000011
762	1254	0.000011
763	841	0.000011
764	799	0.000011
765	809	0.000011
766	2001	0.000011
767	1852	0.000011
768	1061	0.000011
769	265	0.000011
770	1163	0.000011
771	84	0.000011
772	331	0.000011
773	2207	0.000011
774	1305	0.000011
775	1797	0.000011
776	1005	0.000011
777	151	0.000011
778	649	0.000010
779	1861	0.000010
780	1616	0.000010
781	674	0.000010
782	373	0.000010
783	1028	0.000010
784	45	0.000010
785	389	0.000010
786	1497	0.000010
787	1586	0.000010
788	218	0.000010
789	1025	0.000010
790	2255	0.000010
791	466	0.000010
792	790	0.000010
793	28	0.000010
794	1003	0.000010
795	2476	0.000010
796	1864	0.000010
797	181	0.000010
798	775	0.000010
799	1287	0.000010
800	902	0.000010
801	107	0.000010
802	782	0.000010
803	517	0.000010
804	2240	0.000010
805	1306	0.000010
806	1565	0.000010
807	66	0.000010
808	807	0.000010
809	2061	0.000010
810	1338	0.000010
811	554	0.000010
812	170	0.000010
813	1195	0.000010
814	137	0.000010
815	1777	0.000010
816	83	0.000010
817	423	0.000010
818	1099	0.000010
819	432	0.000010
820	856	0.000010
821	2153	0.000010
822	391	0.000010
823	375	0.000010
824	167	0.000010
825	1618	0.000010
826	1908	0.000010
827	2076	0.000010
828	530	0.000010
829	1830	0.000010
830	478	0.000010
831	1589	0.000010
832	303	0.000010
833	2077	0.000009
834	2268	0.000009
835	1314	0.000009
836	1358	0.000009
837	582	0.000009
838	1200	0.000009
839	1191	0.000009
840	567	0.000009
841	1373	0.000009
842	200	0.000009
843	102	0.000009
844	2478	0.000009
845	1037	0.000009
846	143	0.000009
847	732	0.000009
848	173	0.000009
849	1950	0.000009
850	1275	0.000009
851	133	0.000009
852	1489	0.000009
853	516	0.000009
854	1411	0.000009
855	1508	0.000009
856	46	0.000009
857	68	0.000009
858	675	0.000009
859	2025	0.000009
860	77	0.000009
861	832	0.000009
862	160	0.000009
863	30	0.000009
864	1546	0.000009
865	719	0.000009
866	656	0.000009
867	1442	0.000009
868	183	0.000009
869	1221	0.000009
870	688	0.000009
871	415	0.000009
872	1511	0.000009
873	1171	0.000009
874	186	0.000009
875	2589	0.000009
876	612	0.000009
877	1641	0.000009
878	607	0.000009
879	386	0.000009
880	325	0.000009
881	1102	0.000009
882	2160	0.000009
883	1499	0.000009
884	403	0.000009
885	1115	0.000009
886	914	0.000009
887	232	0.000009
888	2214	0.000009
889	929	0.000009
890	513	0.000009
891	400	0.000009
892	2120	0.000009
893	989	0.000009
894	1720	0.000009
895	2393	0.000009
896	1020	0.000008
897	368	0.000008
898	471	0.000008
899	321	0.000008
900	2073	0.000008
901	672	0.000008
902	1437	0.000008
903	1051	0.000008
904	1492	0.000008
905	2621	0.000008
906	2126	0.000008
907	1476	0.000008
908	1189	0.000008
909	2248	0.000008
910	1230	0.000008
911	446	0.000008
912	696	0.000008
913	862	0.000008
914	1974	0.000008
915	871	0.000008
916	1039	0.000008
917	1113	0.000008
918	911	0.000008
919	1663	0.000008
920	2282	0.000008
921	777	0.000008
922	1660	0.000008
923	1402	0.000008
924	642	0.000008
925	2388	0.000008
926	328	0.000008
927	1923	0.000008
928	1702	0.000008
929	1504	0.000008
930	684	0.000008
931	323	0.000008
932	1547	0.000008
933	1624	0.000008
934	1436	0.000008
935	2156	0.000008
936	2213	0.000008
937	1601	0.000008
938	342	0.000008
939	721	0.000008
940	1033	0.000008
941	614	0.000008
942	1334	0.000008
943	1766	0.000008
944	1572	0.000008
945	425	0.000008
946	1849	0.000008
947	819	0.000008
948	1608	0.000008
949	1261	0.000008
950	509	0.000008
951	962	0.000008
952	1748	0.000008
953	253	0.000008
954	1814	0.000008
955	1879	0.000008
956	1554	0.000008
957	758	0.000008
958	1235	0.000008
959	381	0.000008
960	698	0.000008
961	1157	0.000008
962	1150	0.000008
963	1055	0.000008
964	114	0.000008
965	571	0.000007
966	900	0.000007
967	1105	0.000007
968	552	0.000007
969	392	0.000007
970	1119	0.000007
971	1259	0.000007
972	535	0.000007
973	2432	0.000007
974	305	0.000007
975	177	0.000007
976	619	0.000007
977	1959	0.000007
978	708	0.000007
979	1324	0.000007
980	1993	0.000007
981	1889	0.000007
982	752	0.000007
983	986	0.000007
984	714	0.000007
985	531	0.000007
986	2269	0.000007
987	1260	0.000007
988	1496	0.000007
989	264	0.000007
990	1621	0.000007
991	1717	0.000007
992	1517	0.000007
993	280	0.000007
994	1638	0.000007
995	1285	0.000007
996	833	0.000007
997	1159	0.000007
998	2294	0.000007
999	583	0.000007
1000	1273	0.000007
1001	367	0.000007
1002	1578	0.000007
1003	555	0.000007
1004	1246	0.000007
1005	1344	0.000007
1006	1588	0.000007
1007	740	0.000007
1008	411	0.000007
1009	1716	0.000007
1010	2325	0.000007
1011	1965	0.000007
1012	603	0.000007
1013	1364	0.000007
1014	322	0.000007
1015	2028	0.000007
1016	511	0.000007
1017	156	0.000007
1018	683	0.000007
1019	2519	0.000007
1020	1034	0.000007
1021	881	0.000007
1022	2412	0.000007
1023	768	0.000007
1024	1587	0.000007
1025	601	0.000007
1026	2367	0.000007
1027	197	0.000007
1028	1445	0.000007
1029	2539	0.000007
1030	1318	0.000007
1031	1635	0.000007
1032	1069	0.000007
1033	40	0.000007
1034	187	0.000007
1035	945	0.000007
1036	297	0.000007
1037	1089	0.000007
1038	1380	0.000007
1039	847	0.000007
1040	2392	0.000007
1041	175	0.000007
1042	1354	0.000007
1043	930	0.000007
1044	277	0.000007
1045	573	0.000007
1046	980	0.000007
1047	2005	0.000007
1048	1331	0.000007
1049	1167	0.000007
1050	371	0.000007
1051	294	0.000007
1052	806	0.000007
1053	655	0.000007
1054	1203	0.000007
1055	1703	0.000007
1056	56	0.000007
1057	1689	0.000007
1058	2039	0.000007
1059	689	0.000006
1060	2323	0.000006
1061	1685	0.000006
1062	256	0.000006
1063	440	0.000006
1064	1403	0.000006
1065	1946	0.000006
1066	185	0.000006
1067	1337	0.000006
1068	664	0.000006
1069	2032	0.000006
1070	493	0.000006
1071	2353	0.000006
1072	931	0.000006
1073	826	0.000006
1074	934	0.000006
1075	2558	0.000006
1076	150	0.000006
1077	1216	0.000006
1078	282	0.000006
1079	2070	0.000006
1080	69	0.000006
1081	946	0.000006
1082	1887	0.000006
1083	1479	0.000006
1084	1032	0.000006
1085	1046	0.000006
1086	1761	0.000006
1087	291	0.000006
1088	2296	0.000006
1089	1690	0.000006
1090	1231	0.000006
1091	1595	0.000006
1092	2447	0.000006
1093	525	0.000006
1094	2422	0.000006
1095	192	0.000006
1096	2650	0.000006
1097	1238	0.000006
1098	1422	0.000006
1099	1169	0.000006
1100	1417	0.000006
1101	726	0.000006
1102	620	0.000006
1103	572	0.000006
1104	2135	0.000006
1105	2403	0.000006
1106	2091	0.000006
1107	1973	0.000006
1108	2171	0.000006
1109	244	0.000006
1110	80	0.000006
1111	1605	0.000006
1112	2419	0.000006
1113	1681	0.000006
1114	2163	0.000006
1115	437	0.000006
1116	814	0.000006
1117	420	0.000006
1118	2358	0.000006
1119	279	0.000006
1120	103	0.000006
1121	350	0.000006
1122	916	0.000006
1123	780	0.000006
1124	1653	0.000006
1125	837	0.000006
1126	2264	0.000006
1127	2484	0.000006
1128	541	0.000006
1129	963	0.000006
1130	401	0.000006
1131	1474	0.000006
1132	1482	0.000006
1133	1736	0.000006
1134	2613	0.000006
1135	1991	0.000006
1136	1657	0.000006
1137	1240	0.000006
1138	2000	0.000006
1139	2123	0.000006
1140	1925	0.000006
1141	16	0.000006
1142	1863	0.000006
1143	240	0.000006
1144	2097	0.000006
1145	671	0.000006
1146	2155	0.000006
1147	2593	0.000006
1148	1650	0.000006
1149	2433	0.000006
1150	2136	0.000006
1151	1468	0.000006
1152	484	0.000006
1153	909	0.000006
1154	559	0.000006
1155	1400	0.000005
1156	1609	0.000005
1157	2164	0.000005
1158	695	0.000005
1159	47	0.000005
1160	662	0.000005
1161	1043	0.000005
1162	330	0.000005
1163	189	0.000005
1164	1076	0.000005
1165	1462	0.000005
1166	1501	0.000005
1167	1655	0.000005
1168	1093	0.000005
1169	644	0.000005
1170	1754	0.000005
1171	1098	0.000005
1172	1529	0.000005
1173	850	0.000005
1174	430	0.000005
1175	1064	0.000005
1176	1563	0.000005
1177	1236	0.000005
1178	2132	0.000005
1179	370	0.000005
1180	1418	0.000005
1181	1052	0.000005
1182	933	0.000005
1183	538	0.000005
1184	2500	0.000005
1185	2310	0.000005
1186	2143	0.000005
1187	1177	0.000005
1188	1458	0.000005
1189	1691	0.000005
1190	193	0.000005
1191	73	0.000005
1192	2267	0.000005
1193	925	0.000005
1194	388	0.000005
1195	2140	0.000005
1196	2444	0.000005
1197	273	0.000005
1198	576	0.000005
1199	746	0.000005
1200	602	0.000005
1201	1765	0.000005
1202	713	0.000005
1203	1778	0.000005
1204	2104	0.000005
1205	1556	0.000005
1206	2352	0.000005
1207	1222	0.000005
1208	90	0.000005
1209	2331	0.000005
1210	2027	0.000005
1211	300	0.000005
1212	521	0.000005
1213	2040	0.000005
1214	1044	0.000005
1215	621	0.000005
1216	2591	0.000005
1217	302	0.000005
1218	2560	0.000005
1219	2535	0.000005
1220	1545	0.000005
1221	188	0.000005
1222	2074	0.000005
1223	889	0.000005
1224	960	0.000005
1225	268	0.000005
1226	1166	0.000005
1227	678	0.000005
1228	694	0.000005
1229	2096	0.000005
1230	1914	0.000005
1231	301	0.000005
1232	1376	0.000005
1233	766	0.000005
1234	1902	0.000005
1235	312	0.000005
1236	1668	0.000005
1237	1810	0.000005
1238	413	0.000005
1239	1880	0.000005
1240	997	0.000005
1241	568	0.000005
1242	2449	0.000005
1243	426	0.000005
1244	843	0.000005
1245	95	0.000005
1246	2547	0.000005
1247	459	0.000005
1248	581	0.000005
1249	750	0.000005
1250	2402	0.000005
1251	1982	0.000005
1252	2512	0.000005
1253	267	0.000005
1254	749	0.000005
1255	340	0.000005
1256	1424	0.000005
1257	452	0.000005
1258	2177	0.000005
1259	540	0.000005
1260	490	0.000005
1261	1218	0.000005
1262	1712	0.000005
1263	2116	0.000005
1264	2235	0.000005
1265	1267	0.000005
1266	239	0.000005
1267	1530	0.000005
1268	1532	0.000005
1269	1596	0.000005
1270	958	0.000004
1271	1722	0.000004
1272	1749	0.000004
1273	778	0.000004
1274	1488	0.000004
1275	2556	0.000004
1276	1205	0.000004
1277	1962	0.000004
1278	1472	0.000004
1279	2409	0.000004
1280	1441	0.000004
1281	1819	0.000004
1282	1645	0.000004
1283	2430	0.000004
1284	687	0.000004
1285	1145	0.000004
1286	44	0.000004
1287	1711	0.000004
1288	2016	0.000004
1289	208	0.000004
1290	1901	0.000004
1291	1252	0.000004
1292	2051	0.000004
1293	1796	0.000004
1294	1416	0.000004
1295	2215	0.000004
1296	1000	0.000004
1297	366	0.000004
1298	1732	0.000004
1299	306	0.000004
1300	723	0.000004
1301	164	0.000004
1302	2105	0.000004
1303	709	0.000004
1304	697	0.000004
1305	2400	0.000004
1306	336	0.000004
1307	495	0.000004
1308	2501	0.000004
1309	101	0.000004
1310	1740	0.000004
1311	1264	0.000004
1312	2117	0.000004
1313	180	0.000004
1314	1683	0.000004
1315	1081	0.000004
1316	1851	0.000004
1317	2183	0.000004
1318	2629	0.000004
1319	1412	0.000004
1320	438	0.000004
1321	1922	0.000004
1322	2563	0.000004
1323	1094	0.000004
1324	2007	0.000004
1325	707	0.000004
1326	1774	0.000004
1327	1316	0.000004
1328	166	0.000004
1329	1629	0.000004
1330	1695	0.000004
1331	487	0.000004
1332	2082	0.000004
1333	903	0.000004
1334	1714	0.000004
1335	1516	0.000004
1336	1848	0.000004
1337	2396	0.000004
1338	2062	0.000004
1339	374	0.000004
1340	2389	0.000004
1341	676	0.000004
1342	2195	0.000004
1343	973	0.000004
1344	1626	0.000004
1345	2534	0.000004
1346	1787	0.000004
1347	1073	0.000004
1348	1877	0.000004
1349	764	0.000004
1350	1121	0.000004
1351	959	0.000004
1352	86	0.000004
1353	908	0.000004
1354	201	0.000004
1355	1918	0.000004
1356	2622	0.000004
1357	2191	0.000004
1358	1577	0.000004
1359	1083	0.000004
1360	1378	0.000004
1361	2242	0.000004
1362	1279	0.000004
1363	978	0.000004
1364	2229	0.000004
1365	263	0.000004
1366	1375	0.000004
1367	1906	0.000004
1368	1430	0.000004
1369	2071	0.000004
1370	1006	0.000004
1371	1713	0.000004
1372	1448	0.000004
1373	1429	0.000004
1374	1190	0.000004
1375	1513	0.000004
1376	504	0.000004
1377	1428	0.000004
1378	1176	0.000004
1379	1895	0.000004
1380	2277	0.000004
1381	1672	0.000004
1382	1521	0.000004
1383	2302	0.000004
1384	1949	0.000004
1385	562	0.000004
1386	1747	0.000004
1387	1770	0.000004
1388	632	0.000004
1389	1386	0.000004
1390	1535	0.000004
1391	1741	0.000004
1392	2053	0.000004
1393	2528	0.000004
1394	2184	0.000004
1395	1184	0.000004
1396	2385	0.000004
1397	1295	0.000004
1398	1353	0.000004
1399	1277	0.000004
1400	1301	0.000004
1401	1827	0.000004
1402	1881	0.000004
1403	75	0.000004
1404	1434	0.000004
1405	172	0.000004
1406	514	0.000004
1407	444	0.000004
1408	1637	0.000004
1409	510	0.000004
1410	31	0.000004
1411	1804	0.000004
1412	41	0.000004
1413	2515	0.000004
1414	638	0.000004
1415	2121	0.000004
1416	1152	0.000004
1417	1730	0.000004
1418	1243	0.000004
1419	1788	0.000004
1420	1684	0.000004
1421	1132	0.000004
1422	2330	0.000004
1423	2368	0.000004
1424	1648	0.000004
1425	2568	0.000004
1426	2244	0.000004
1427	1182	0.000004
1428	443	0.000004
1429	1610	0.000004
1430	2319	0.000004
1431	87	0.000004
1432	1300	0.000004
1433	699	0.000004
1434	2094	0.000004
1435	454	0.000003
1436	1109	0.000003
1437	983	0.000003
1438	1983	0.000003
1439	735	0.000003
1440	745	0.000003
1441	717	0.000003
1442	549	0.000003
1443	1068	0.000003
1444	379	0.000003
1445	2059	0.000003
1446	295	0.000003
1447	100	0.000003
1448	1341	0.000003
1449	2286	0.000003
1450	498	0.000003
1451	2024	0.000003
1452	2350	0.000003
1453	932	0.000003
1454	121	0.000003
1455	838	0.000003
1456	85	0.000003
1457	1779	0.000003
1458	1524	0.000003
1459	793	0.000003
1460	1885	0.000003
1461	872	0.000003
1462	1128	0.000003
1463	1204	0.000003
1464	1855	0.000003
1465	1463	0.000003
1466	354	0.000003
1467	652	0.000003
1468	1872	0.000003
1469	869	0.000003
1470	2667	0.000003
1471	1763	0.000003
1472	2644	0.000003
1473	1755	0.000003
1474	2513	0.000003
1475	1250	0.000003
1476	720	0.000003
1477	441	0.000003
1478	2266	0.000003
1479	124	0.000003
1480	135	0.000003
1481	394	0.000003
1482	1958	0.000003
1483	961	0.000003
1484	1651	0.000003
1485	1118	0.000003
1486	1345	0.000003
1487	327	0.000003
1488	333	0.000003
1489	482	0.000003
1490	1439	0.000003
1491	827	0.000003
1492	2289	0.000003
1493	1137	0.000003
1494	202	0.000003
1495	558	0.000003
1496	595	0.000003
1497	1453	0.000003
1498	462	0.000003
1499	712	0.000003
1500	2271	0.000003
1501	1141	0.000003
1502	1997	0.000003
1503	2088	0.000003
1504	1086	0.000003
1505	1929	0.000003
1506	546	0.000003
1507	1800	0.000003
1508	171	0.000003
1509	2636	0.000003
1510	2620	0.000003
1511	1847	0.000003
1512	1868	0.000003
1513	2518	0.000003
1514	434	0.000003
1515	1311	0.000003
1516	1072	0.000003
1517	1062	0.000003
1518	1512	0.000003
1519	1208	0.000003
1520	2101	0.000003
1521	686	0.000003
1522	2557	0.000003
1523	1071	0.000003
1524	2259	0.000003
1525	1154	0.000003
1526	1179	0.000003
1527	2026	0.000003
1528	1882	0.000003
1529	591	0.000003
1530	1244	0.000003
1531	448	0.000003
1532	57	0.000003
1533	1793	0.000003
1534	1419	0.000003
1535	1520	0.000003
1536	2054	0.000003
1537	1104	0.000003
1538	605	0.000003
1539	39	0.000003
1540	304	0.000003
1541	1469	0.000003
1542	727	0.000003
1543	1140	0.000003
1544	1249	0.000003
1545	993	0.000003
1546	1649	0.000003
1547	1095	0.000003
1548	2085	0.000003
1549	433	0.000003
1550	1909	0.000003
1551	1288	0.000003
1552	1801	0.000003
1553	1522	0.000003
1554	1075	0.000003
1555	111	0.000003
1556	1180	0.000003
1557	967	0.000003
1558	1549	0.000003
1559	1531	0.000003
1560	1143	0.000003
1561	2064	0.000003
1562	445	0.000003
1563	1175	0.000003
1564	2461	0.000003
1565	1409	0.000003
1566	1503	0.000003
1567	1746	0.000003
1568	1773	0.000003
1569	682	0.000003
1570	1396	0.000003
1571	2405	0.000003
1572	877	0.000003
1573	2078	0.000003
1574	1654	0.000003
1575	1843	0.000003
1576	1538	0.000003
1577	1359	0.000003
1578	1682	0.000003
1579	1978	0.000003
1580	948	0.000003
1581	308	0.000003
1582	2482	0.000003
1583	1756	0.000003
1584	939	0.000003
1585	339	0.000003
1586	1198	0.000003
1587	955	0.000003
1588	1658	0.000003
1589	666	0.000003
1590	2439	0.000003
1591	1985	0.000003
1592	1850	0.000003
1593	969	0.000003
1594	1220	0.000003
1595	1987	0.000003
1596	1574	0.000003
1597	1134	0.000003
1598	1079	0.000003
1599	1631	0.000003
1600	2232	0.000003
1601	1647	0.000003
1602	2362	0.000003
1603	1136	0.000003
1604	1057	0.000003
1605	2375	0.000003
1606	2487	0.000003
1607	2336	0.000003
1608	1567	0.000003
1609	33	0.000003
1610	1820	0.000003
1611	977	0.000003
1612	2517	0.000003
1613	544	0.000003
1614	1575	0.000003
1615	42	0.000003
1616	1426	0.000003
1617	2435	0.000003
1618	1964	0.000003
1619	1696	0.000003
1620	2293	0.000003
1621	878	0.000003
1622	324	0.000003
1623	1990	0.000003
1624	1878	0.000003
1625	1116	0.000003
1626	67	0.000003
1627	2158	0.000003
1628	1266	0.000003
1629	870	0.000003
1630	2008	0.000003
1631	2641	0.000003
1632	262	0.000003
1633	1265	0.000003
1634	928	0.000003
1635	2369	0.000003
1636	1710	0.000003
1637	1319	0.000003
1638	355	0.000003
1639	2200	0.000003
1640	1726	0.000003
1641	1369	0.000003
1642	2379	0.000003
1643	2445	0.000003
1644	898	0.000003
1645	1262	0.000003
1646	2569	0.000003
1647	1833	0.000003
1648	1659	0.000003
1649	2250	0.000003
1650	70	0.000003
1651	261	0.000003
1652	1397	0.000003
1653	1480	0.000003
1654	2095	0.000003
1655	52	0.000003
1656	1317	0.000003
1657	2247	0.000003
1658	1969	0.000003
1659	896	0.000003
1660	1836	0.000003
1661	718	0.000003
1662	1670	0.000002
1663	2034	0.000002
1664	610	0.000002
1665	1627	0.000002
1666	515	0.000002
1667	1541	0.000002
1668	2522	0.000002
1669	1739	0.000002
1670	1241	0.000002
1671	2315	0.000002
1672	2455	0.000002
1673	2022	0.000002
1674	2316	0.000002
1675	427	0.000002
1676	2553	0.000002
1677	1678	0.000002
1678	429	0.000002
1679	2194	0.000002
1680	1212	0.000002
1681	2318	0.000002
1682	271	0.000002
1683	1604	0.000002
1684	1172	0.000002
1685	846	0.000002
1686	1377	0.000002
1687	1100	0.000002
1688	2516	0.000002
1689	1194	0.000002
1690	1874	0.000002
1691	473	0.000002
1692	940	0.000002
1693	2464	0.000002
1694	579	0.000002
1695	1905	0.000002
1696	1372	0.000002
1697	936	0.000002
1698	357	0.000002
1699	469	0.000002
1700	1644	0.000002
1701	904	0.000002
1702	2491	0.000002
1703	2562	0.000002
1704	786	0.000002
1705	1360	0.000002
1706	950	0.000002
1707	2193	0.000002
1708	1750	0.000002
1709	435	0.000002
1710	2363	0.000002
1711	1528	0.000002
1712	2176	0.000002
1713	2376	0.000002
1714	1724	0.000002
1715	1148	0.000002
1716	2520	0.000002
1717	2571	0.000002
1718	1537	0.000002
1719	343	0.000002
1720	2406	0.000002
1721	1675	0.000002
1722	625	0.000002
1723	1080	0.000002
1724	1859	0.000002
1725	1340	0.000002
1726	1569	0.000002
1727	2584	0.000002
1728	289	0.000002
1729	724	0.000002
1730	2481	0.000002
1731	2658	0.000002
1732	2414	0.000002
1733	358	0.000002
1734	1196	0.000002
1735	1775	0.000002
1736	1543	0.000002
1737	2421	0.000002
1738	2297	0.000002
1739	2023	0.000002
1740	2473	0.000002
1741	254	0.000002
1742	2311	0.000002
1743	2035	0.000002
1744	2320	0.000002
1745	1404	0.000002
1746	615	0.000002
1747	1467	0.000002
1748	1661	0.000002
1749	1576	0.000002
1750	1686	0.000002
1751	1585	0.000002
1752	2348	0.000002
1753	2485	0.000002
1754	1413	0.000002
1755	1278	0.000002
1756	2168	0.000002
1757	2466	0.000002
1758	2603	0.000002
1759	1970	0.000002
1760	1619	0.000002
1761	951	0.000002
1762	2424	0.000002
1763	852	0.000002
1764	1806	0.000002
1765	1088	0.000002
1766	1007	0.000002
1767	990	0.000002
1768	1247	0.000002
1769	1342	0.000002
1770	1117	0.000002
1771	2545	0.000002
1772	2493	0.000002
1773	1270	0.000002
1774	1643	0.000002
1775	779	0.000002
1776	1737	0.000002
1777	2328	0.000002
1778	2475	0.000002
1779	2281	0.000002
1780	485	0.000002
1781	637	0.000002
1782	1568	0.000002
1783	1652	0.000002
1784	1058	0.000002
1785	2099	0.000002
1786	1323	0.000002
1787	1215	0.000002
1788	639	0.000002
1789	184	0.000002
1790	640	0.000002
1791	2174	0.000002
1792	1917	0.000002
1793	1384	0.000002
1794	1321	0.000002
1795	1122	0.000002
1796	2619	0.000002
1797	348	0.000002
1798	1356	0.000002
1799	2573	0.000002
1800	1414	0.000002
1801	315	0.000002
1802	1091	0.000002
1803	646	0.000002
1804	2129	0.000002
1805	1343	0.000002
1806	1509	0.000002
1807	1144	0.000002
1808	691	0.000002
1809	645	0.000002
1810	1446	0.000002
1811	1381	0.000002
1812	994	0.000002
1813	1853	0.000002
1814	1816	0.000002
1815	2056	0.000002
1816	492	0.000002
1817	1666	0.000002
1818	736	0.000002
1819	141	0.000002
1820	2648	0.000002
1821	2341	0.000002
1822	729	0.000002
1823	1735	0.000002
1824	1539	0.000002
1825	1875	0.000002
1826	2649	0.000002
1827	2384	0.000002
1828	2182	0.000002
1829	1968	0.000002
1830	805	0.000002
1831	1674	0.000002
1832	730	0.000002
1833	2107	0.000002
1834	2303	0.000002
1835	2404	0.000002
1836	660	0.000002
1837	848	0.000002
1838	122	0.000002
1839	1590	0.000002
1840	2004	0.000002
1841	1491	0.000002
1842	996	0.000002
1843	2092	0.000002
1844	456	0.000002
1845	2395	0.000002
1846	1939	0.000002
1847	1920	0.000002
1848	520	0.000002
1849	1365	0.000002
1850	1460	0.000002
1851	98	0.000002
1852	2347	0.000002
1853	808	0.000002
1854	1795	0.000002
1855	314	0.000002
1856	140	0.000002
1857	587	0.000002
1858	2410	0.000002
1859	2142	0.000002
1860	2231	0.000002
1861	815	0.000002
1862	1562	0.000002
1863	2521	0.000002
1864	2448	0.000002
1865	506	0.000002
1866	915	0.000002
1867	299	0.000002
1868	247	0.000002
1869	1326	0.000002
1870	1697	0.000002
1871	1209	0.000002
1872	1444	0.000002
1873	2566	0.000002
1874	2577	0.000002
1875	1161	0.000002
1876	2217	0.000002
1877	1224	0.000002
1878	938	0.000002
1879	338	0.000002
1880	1192	0.000002
1881	1490	0.000002
1882	557	0.000002
1883	2651	0.000002
1884	1664	0.000002
1885	633	0.000002
1886	2169	0.000002
1887	1937	0.000002
1888	2344	0.000002
1889	701	0.000002
1890	1207	0.000002
1891	991	0.000002
1892	1551	0.000002
1893	2366	0.000002
1894	158	0.000002
1895	670	0.000002
1896	1147	0.000002
1897	842	0.000002
1898	753	0.000002
1899	2060	0.000002
1900	830	0.000002
1901	1767	0.000002
1902	2335	0.000002
1903	1927	0.000002
1904	2295	0.000002
1905	1084	0.000002
1906	1620	0.000002
1907	1727	0.000002
1908	2223	0.000002
1909	1782	0.000002
1910	2219	0.000002
1911	2394	0.000002
1912	1054	0.000002
1913	1938	0.000002
1914	1857	0.000002
1915	1769	0.000002
1916	1694	0.000002
1917	363	0.000002
1918	2420	0.000002
1919	1579	0.000002
1920	1799	0.000002
1921	1274	0.000002
1922	2559	0.000002
1923	1078	0.000002
1924	1817	0.000002
1925	2257	0.000002
1926	2157	0.000002
1927	1210	0.000002
1928	159	0.000002
1929	992	0.000002
1930	1289	0.000002
1931	2652	0.000002
1932	874	0.000002
1933	329	0.000002
1934	2230	0.000002
1935	1017	0.000002
1936	1160	0.000002
1937	1410	0.000002
1938	1452	0.000002
1939	404	0.000002
1940	1942	0.000002
1941	2338	0.000002
1942	2467	0.000002
1943	1217	0.000002
1944	704	0.000002
1945	1967	0.000002
1946	868	0.000002
1947	1197	0.000002
1948	2572	0.000002
1949	2623	0.000002
1950	1898	0.000002
1951	1907	0.000002
1952	2131	0.000002
1953	2588	0.000002
1954	1866	0.000002
1955	2019	0.000002
1956	2437	0.000002
1957	1096	0.000002
1958	1884	0.000002
1959	661	0.000002
1960	2661	0.000002
1961	2011	0.000002
1962	1943	0.000002
1963	733	0.000002
1964	2452	0.000002
1965	1130	0.000002
1966	2050	0.000002
1967	2600	0.000002
1968	2450	0.000002
1969	2272	0.000002
1970	839	0.000002
1971	1818	0.000002
1972	356	0.000002
1973	38	0.000002
1974	2125	0.000002
1975	840	0.000002
1976	25	0.000002
1977	912	0.000002
1978	1989	0.000002
1979	2030	0.000002
1980	2133	0.000002
1981	2631	0.000002
1982	1673	0.000002
1983	2237	0.000002
1984	1199	0.000002
1985	957	0.000002
1986	836	0.000002
1987	1662	0.000002
1988	1603	0.000002
1989	2529	0.000002
1990	1979	0.000002
1991	1395	0.000002
1992	2540	0.000002
1993	2639	0.000002
1994	2020	0.000002
1995	1206	0.000002
1996	1865	0.000002
1997	1056	0.000002
1998	1399	0.000002
1999	2511	0.000002
2000	2647	0.000002
2001	2251	0.000002
2002	2324	0.000002
2003	1606	0.000002
2004	1891	0.000002
2005	2146	0.000001
2006	2205	0.000001
2007	1038	0.000001
2008	2643	0.000001
2009	2472	0.000001
2010	1933	0.000001
2011	569	0.000001
2012	2042	0.000001
2013	1883	0.000001
2014	1640	0.000001
2015	2012	0.000001
2016	755	0.000001
2017	1794	0.000001
2018	1125	0.000001
2019	1507	0.000001
2020	2080	0.000001
2021	2006	0.000001
2022	1781	0.000001
2023	410	0.000001
2024	2290	0.000001
2025	2416	0.000001
2026	1363	0.000001
2027	1932	0.000001
2028	2254	0.000001
2029	1981	0.000001
2030	1986	0.000001
2031	2446	0.000001
2032	2047	0.000001
2033	1415	0.000001
2034	2442	0.000001
2035	1322	0.000001
2036	596	0.000001
2037	2224	0.000001
2038	2434	0.000001
2039	481	0.000001
2040	1743	0.000001
2041	2279	0.000001
2042	1924	0.000001
2043	1223	0.000001
2044	635	0.000001
2045	998	0.000001
2046	281	0.000001
2047	2594	0.000001
2048	2148	0.000001
2049	2548	0.000001
2050	2262	0.000001
2051	1912	0.000001
2052	2079	0.000001
2053	2372	0.000001
2054	1470	0.000001
2055	2239	0.000001
2056	1004	0.000001
2057	2098	0.000001
2058	2555	0.000001
2059	2492	0.000001
2060	2202	0.000001
2061	681	0.000001
2062	1594	0.000001
2063	1290	0.000001
2064	1745	0.000001
2065	1772	0.000001
2066	2112	0.000001
2067	2523	0.000001
2068	2494	0.000001
2069	905	0.000001
2070	2150	0.000001
2071	2261	0.000001
2072	2607	0.000001
2073	1092	0.000001
2074	2662	0.000001
2075	2283	0.000001
2076	2498	0.000001
2077	54	0.000001
2078	2309	0.000001
2079	43	0.000001
2080	1308	0.000001
2081	1980	0.000001
2082	1263	0.000001
2083	2180	0.000001
2084	2317	0.000001
2085	2188	0.000001
2086	2017	0.000001
2087	1111	0.000001
2088	1187	0.000001
2089	1945	0.000001
2090	1910	0.000001
2091	2390	0.000001
2092	1784	0.000001
2093	1742	0.000001
2094	2365	0.000001
2095	700	0.000001
2096	1374	0.000001
2097	1540	0.000001
2098	1555	0.000001
2099	1811	0.000001
2100	455	0.000001
2101	2413	0.000001
2102	2209	0.000001
2103	499	0.000001
2104	199	0.000001
2105	2301	0.000001
2106	1030	0.000001
2107	1679	0.000001
2108	1656	0.000001
2109	845	0.000001
2110	2329	0.000001
2111	888	0.000001
2112	849	0.000001
2113	2276	0.000001
2114	834	0.000001
2115	2429	0.000001
2116	1771	0.000001
2117	2496	0.000001
2118	1646	0.000001
2119	985	0.000001
2120	2552	0.000001
2121	1405	0.000001
2122	1988	0.000001
2123	741	0.000001
2124	503	0.000001
2125	1960	0.000001
2126	2488	0.000001
2127	2249	0.000001
2128	2438	0.000001
2129	2637	0.000001
2130	1186	0.000001
2131	1431	0.000001
2132	2371	0.000001
2133	1367	0.000001
2134	2596	0.000001
2135	2087	0.000001
2136	2656	0.000001
2137	2196	0.000001
2138	1825	0.000001
2139	1332	0.000001
2140	2470	0.000001
2141	2063	0.000001
2142	2415	0.000001
2143	1886	0.000001
2144	600	0.000001
2145	1941	0.000001
2146	1977	0.000001
2147	1893	0.000001
2148	2541	0.000001
2149	1677	0.000001
2150	2057	0.000001
2151	539	0.000001
2152	1335	0.000001
2153	1583	0.000001
2154	2245	0.000001
2155	2206	0.000001
2156	483	0.000001
2157	2192	0.000001
2158	161	0.000001
2159	1126	0.000001
2160	2611	0.000001
2161	2111	0.000001
2162	1082	0.000001
2163	1149	0.000001
2164	2118	0.000001
2165	2457	0.000001
2166	1707	0.000001
2167	1829	0.000001
2168	292	0.000001
2169	1281	0.000001
2170	501	0.000001
2171	1581	0.000001
2172	1598	0.000001
2173	1996	0.000001
2174	1234	0.000001
2175	1729	0.000001
2176	146	0.000001
2177	1744	0.000001
2178	2100	0.000001
2179	474	0.000001
2180	937	0.000001
2181	1764	0.000001
2182	1896	0.000001
2183	2278	0.000001
2184	2460	0.000001
2185	1900	0.000001
2186	2044	0.000001
2187	2638	0.000001
2188	2114	0.000001
2189	2273	0.000001
2190	508	0.000001
2191	1008	0.000001
2192	2179	0.000001
2193	1505	0.000001
2194	258	0.000001
2195	1584	0.000001
2196	424	0.000001
2197	1280	0.000001
2198	1548	0.000001
2199	1966	0.000001
2200	2502	0.000001
2201	1298	0.000001
2202	458	0.000001
2203	2109	0.000001
2204	987	0.000001
2205	2505	0.000001
2206	1757	0.000001
2207	2041	0.000001
2208	2321	0.000001
2209	2453	0.000001
2210	1687	0.000001
2211	2172	0.000001
2212	2486	0.000001
2213	2441	0.000001
2214	680	0.000001
2215	1485	0.000001
2216	2058	0.000001
2217	1582	0.000001
2218	2081	0.000001
2219	2299	0.000001
2220	901	0.000001
2221	767	0.000001
2222	2477	0.000001
2223	2436	0.000001
2224	2198	0.000001
2225	2546	0.000001
2226	1544	0.000001
2227	2127	0.000001
2228	2383	0.000001
2229	1824	0.000001
2230	2154	0.000001
2231	1001	0.000001
2232	1994	0.000001
2233	2208	0.000001
2234	935	0.000001
2235	1821	0.000001
2236	2431	0.000001
2237	442	0.000001
2238	2048	0.000001
2239	835	0.000001
2240	2544	0.000001
2241	2031	0.000001
2242	2525	0.000001
2243	2380	0.000001
2244	1276	0.000001
2245	776	0.000001
2246	2083	0.000001
2247	2599	0.000001
2248	2015	0.000001
2249	1919	0.000001
2250	760	0.000001
2251	2337	0.000001
2252	50	0.000001
2253	2149	0.000001
2254	2275	0.000001
2255	1327	0.000001
2256	2595	0.000001
2257	722	0.000001
2258	1916	0.000001
2259	2068	0.000001
2260	1867	0.000001
2261	2660	0.000001
2262	2356	0.000001
2263	1944	0.000001
2264	1423	0.000001
2265	2359	0.000001
2266	1112	0.000001
2267	2305	0.000001
2268	1302	0.000001
2269	2265	0.000001
2270	2401	0.000001
2271	820	0.000001
2272	1291	0.000001
2273	1947	0.000001
2274	1090	0.000001
2275	1256	0.000001
2276	1193	0.000001
2277	2246	0.000001
2278	519	0.000001
2279	2598	0.000001
2280	1519	0.000001
2281	1785	0.000001
2282	592	0.000001
2283	1219	0.000001
2284	1016	0.000001
2285	2002	0.000001
2286	2509	0.000001
2287	884	0.000001
2288	2218	0.000001
2289	1728	0.000001
2290	1699	0.000001
2291	2055	0.000001
2292	2574	0.000001
2293	2426	0.000001
2294	2292	0.000001
2295	1807	0.000001
2296	2260	0.000001
2297	1457	0.000001
2298	104	0.000001
2299	1934	0.000001
2300	2542	0.000001
2301	2635	0.000001
2302	1339	0.000001
2303	679	0.000001
2304	2270	0.000001
2305	2666	0.000001
2306	1498	0.000001
2307	2185	0.000001
2308	105	0.000001
2309	1975	0.000001
2310	2212	0.000001
2311	1911	0.000001
2312	2468	0.000001
2313	2361	0.000001
2314	2554	0.000001
2315	2333	0.000001
2316	1870	0.000001
2317	1840	0.000001
2318	2581	0.000001
2319	2038	0.000001
2320	1392	0.000001
2321	203	0.000001
2322	2346	0.000001
2323	2624	0.000001
2324	949	0.000001
2325	2313	0.000001
2326	2256	0.000001
2327	2284	0.000001
2328	2221	0.000001
2329	353	0.000001
2330	2561	0.000001
2331	1786	0.000001
2332	1580	0.000001
2333	2503	0.000001
2334	1408	0.000001
2335	2454	0.000001
2336	2443	0.000001
2337	145	0.000001
2338	1862	0.000001
2339	309	0.000001
2340	2551	0.000001
2341	2378	0.000001
2342	1719	0.000001
2343	1692	0.000001
2344	563	0.000001
2345	1890	0.000001
2346	1841	0.000001
2347	2462	0.000001
2348	2306	0.000001
2349	1815	0.000001
2350	1976	0.000001
2351	1253	0.000001
2352	2162	0.000001
2353	2456	0.000001
2354	1597	0.000001
2355	1832	0.000001
2356	2187	0.000001
2357	551	0.000001
2358	2165	0.000001
2359	1813	0.000001
2360	1888	0.000001
2361	2113	0.000001
2362	618	0.000001
2363	2459	0.000001
2364	966	0.000001
2365	1931	0.000001
2366	1826	0.000001
2367	412	0.000001
2368	2089	0.000001
2369	2360	0.000001
2370	2228	0.000001
2371	2238	0.000001
2372	2531	0.000001
2373	1957	0.000001
2374	1564	0.000001
2375	2349	0.000001
2376	2499	0.000001
2377	1151	0.000001
2378	326	0.000001
2379	2532	0.000001
2380	1860	0.000001
2381	2489	0.000001
2382	2580	0.000001
2383	2465	0.000001
2384	1838	0.000001
2385	643	0.000001
2386	2425	0.000001
2387	887	0.000001
2388	2586	0.000001
2389	1897	0.000001
2390	1320	0.000001
2391	810	0.000001
2392	2291	0.000001
2393	2103	0.000001
2394	2490	0.000001
2395	2147	0.000001
2396	2377	0.000001
2397	2210	0.000001
2398	2630	0.000001
2399	1087	0.000001
2400	2304	0.000001
2401	650	0.000001
2402	2110	0.000001
2403	944	0.000001
2404	630	0.000001
2405	564	0.000001
2406	2115	0.000001
2407	2564	0.000001
2408	1481	0.000001
2409	1570	0.000001
2410	2646	0.000001
2411	2119	0.000001
2412	2391	0.000001
2413	2152	0.000001
2414	1237	0.000001
2415	1438	0.000001
2416	2181	0.000001
2417	979	0.000001
2418	96	0.000001
2419	2387	0.000001
2420	290	0.000001
2421	1245	0.000001
2422	2037	0.000001
2423	2616	0.000001
2424	1935	0.000001
2425	1798	0.000001
2426	93	0.000001
2427	1871	0.000001
2428	1550	0.000001
2429	1873	0.000001
2430	566	0.000001
2431	2216	0.000001
2432	751	0.000001
2433	2139	0.000001
2434	2021	0.000001
2435	1566	0.000001
2436	2615	0.000001
2437	1759	0.000001
2438	1450	0.000001
2439	298	0.000001
2440	2524	0.000001
2441	2408	0.000001
2442	2178	0.000001
2443	1972	0.000001
2444	1156	0.000001
2445	2093	0.000001
2446	1725	0.000001
2447	1456	0.000001
2448	769	0.000001
2449	2463	0.000001
2450	1211	0.000001
2451	361	0.000001
2452	1536	0.000001
2453	1454	0.000001
2454	2108	0.000001
2455	2141	0.000001
2456	1892	0.000001
2457	2386	0.000001
2458	524	0.000001
2459	2137	0.000001
2460	2663	0.000001
2461	138	0.000001
2462	2013	0.000001
2463	529	0.000001
2464	1506	0.000000
2465	1123	0.000000
2466	1751	0.000000
2467	2536	0.000000
2468	1440	0.000000
2469	1036	0.000000
2470	2495	0.000000
2471	2314	0.000000
2472	731	0.000000
2473	463	0.000000
2474	364	0.000000
2475	1951	0.000000
2476	1257	0.000000
2477	359	0.000000
2478	873	0.000000
2479	1188	0.000000
2480	2128	0.000000
2481	1723	0.000000
2482	1248	0.000000
2483	715	0.000000
2484	2504	0.000000
2485	1854	0.000000
2486	2220	0.000000
2487	1776	0.000000
2488	2655	0.000000
2489	1760	0.000000
2490	1913	0.000000
2491	2045	0.000000
2492	1705	0.000000
2493	2014	0.000000
2494	1135	0.000000
2495	2102	0.000000
2496	1487	0.000000
2497	2326	0.000000
2498	1120	0.000000
2499	2423	0.000000
2500	981	0.000000
2501	1839	0.000000
2502	1700	0.000000
2503	1435	0.000000
2504	988	0.000000
2505	1131	0.000000
2506	1636	0.000000
2507	283	0.000000
2508	230	0.000000
2509	1709	0.000000
2510	2533	0.000000
2511	2602	0.000000
2512	491	0.000000
2513	2570	0.000000
2514	1667	0.000000
2515	447	0.000000
2516	2576	0.000000
2517	1518	0.000000
2518	2653	0.000000
2519	1296	0.000000
2520	2298	0.000000
2521	1899	0.000000
2522	2166	0.000000
2523	1214	0.000000
2524	1792	0.000000
2525	2090	0.000000
2526	2009	0.000000
2527	2226	0.000000
2528	2627	0.000000
2529	2170	0.000000
2530	2587	0.000000
2531	2370	0.000000
2532	2604	0.000000
2533	2579	0.000000
2534	1299	0.000000
2535	1573	0.000000
2536	2565	0.000000
2537	2659	0.000000
2538	169	0.000000
2539	1995	0.000000
2540	2428	0.000000
2541	53	0.000000
2542	1325	0.000000
2543	1738	0.000000
2544	1630	0.000000
2545	2308	0.000000
2546	1921	0.000000
2547	2280	0.000000
2548	1780	0.000000
2549	754	0.000000
2550	2474	0.000000
2551	2664	0.000000
2552	1823	0.000000
2553	2327	0.000000
2554	2382	0.000000
2555	1845	0.000000
2556	2427	0.000000
2557	320	0.000000
2558	2612	0.000000
2559	1138	0.000000
2560	2204	0.000000
2561	1758	0.000000
2562	1955	0.000000
2563	2173	0.000000
2564	1455	0.000000
2565	2610	0.000000
2566	2252	0.000000
2567	2642	0.000000
2568	2307	0.000000
2569	2625	0.000000
2570	1085	0.000000
2571	1613	0.000000
2572	1768	0.000000
2573	2657	0.000000
2574	2258	0.000000
2575	1708	0.000000
2576	2567	0.000000
2577	2471	0.000000
2578	1607	0.000000
2579	1178	0.000000
2580	2225	0.000000
2581	2222	0.000000
2582	1698	0.000000
2583	2003	0.000000
2584	1473	0.000000
2585	599	0.000000
2586	1433	0.000000
2587	2144	0.000000
2588	2364	0.000000
2589	2199	0.000000
2590	2065	0.000000
2591	2628	0.000000
2592	1014	0.000000
2593	883	0.000000
2594	594	0.000000
2595	2075	0.000000
2596	2300	0.000000
2597	1876	0.000000
2598	2067	0.000000
2599	1625	0.000000
2600	2506	0.000000
2601	2510	0.000000
2602	1828	0.000000
2603	651	0.000000
2604	2550	0.000000
2605	658	0.000000
2606	1812	0.000000
2607	1894	0.000000
2608	2614	0.000000
2609	1312	0.000000
2610	2018	0.000000
2611	1391	0.000000
2612	2106	0.000000
2613	1963	0.000000
2614	1715	0.000000
2615	2339	0.000000
2616	1611	0.000000
2617	2407	0.000000
2618	1762	0.000000
2619	1002	0.000000
2620	2086	0.000000
2621	2189	0.000000
2622	1718	0.000000
2623	2417	0.000000
2624	2243	0.000000
2625	1953	0.000000
2626	2508	0.000000
2627	598	0.000000
2628	2640	0.000000
2629	1272	0.000000
2630	2665	0.000000
2631	2167	0.000000
2632	2578	0.000000
2633	2480	0.000000
2634	2049	0.000000
2635	590	0.000000
2636	1309	0.000000
2637	2645	0.000000
2638	1390	0.000000
2639	1114	0.000000
2640	1486	0.000000
2641	2507	0.000000
2642	362	0.000000
2643	2597	0.000000
2644	1181	0.000000
2645	2374	0.000000
2646	657	0.000000
2647	2373	0.000000
2648	2227	0.000000
2649	2312	0.000000
2650	586	0.000000
2651	337	0.000000
2652	2211	0.000000
2653	2514	0.000000
2654	1271	0.000000
2655	1680	0.000000
2656	507	0.000000
2657	345	0.000000
2658	1103	0.000000
2659	2145	0.000000
2660	1292	0.000000
2661	1560	0.000000
2662	365	0.000000
2663	2151	0.000000
2664	2634	0.000000
2665	2458	0.000000
2666	2201	0.000000
2667	2654	0.000000
2668	2617	0.000000
2669	589	0.000000
2670	2398	0.000000
2671	565	0.000000
2672	2530	0.000000
2673	2633	0.000000
2674	588	0.000000
2675	1984	0.000000
2676	2043	0.000000
2677	162	0.000000
2678	1961	0.000000
2679	2397	0.000000
2680	2340	0.000000
2681	2381	0.000000
2682	2253	0.000000
2683	2451	0.000000
2684	2575	0.000000
2685	2583	0.000000
2686	2263	0.000000
2687	1856	0.000000
2688	2066	0.000000
2689	2046	0.000000
2690	422	0.000000
2691	2582	0.000000
2692	2601	0.000000
2693	1783	0.000000
2694	2585	0.000000
2695	2334	0.000000
2696	2029	0.000000
2697	2234	0.000000
2698	2287	0.000000
2699	2543	0.000000
2700	2632	0.000000
2701	287	0.000000
2702	1026	0.000000
2703	2626	0.000000
2704	2399	0.000000
2705	703	0.000000
2706	2497	0.000000
2707	2728	0.000000
2708	2750	0.000000
2709	2749	0.000000
2710	2748	0.000000
2711	2747	0.000000
2712	2746	0.000000
2713	2745	0.000000
2714	2744	0.000000
2715	2743	0.000000
2716	2742	0.000000
2717	2741	0.000000
2718	2740	0.000000
2719	2739	0.000000
2720	2737	0.000000
2721	2729	0.000000
2722	2726	0.000000
2723	2736	0.000000
2724	2735	0.000000
2725	2734	0.000000
2726	2733	0.000000
2727	2732	0.000000
2728	2731	0.000000
2729	2730	0.000000
2730	2727	0.000000
2731	2751	0.000000
2732	2738	0.000000
2733	2752	0.000000
2734	2766	0.000000
2735	2754	0.000000
2736	All-ARFCN BCCH	0.000000
2737	All-RxQual Full	0.000000
2738	All-RxQual Sub	0.000000
2739	All-MS TxPower (dBm)	0.000000
2740	All-Neighbor BSIC (Num) (Sorted)[1]	0.000000
2741	All-Neighbor BSIC (Num) (Sorted)[2]	0.000000
2742	All-Neighbor BSIC (Num) (Sorted)[3]	0.000000
2743	All-Neighbor BSIC (Num) (Sorted)[4]	0.000000
2744	All-Neighbor BSIC (Num) (Sorted)[5]	0.000000
2745	All-Neighbor BSIC (Num) (Sorted)[6]	0.000000
2746	All-Neighbor ARFCN (Sorted)[1]	0.000000
2747	All-Neighbor ARFCN (Sorted)[2]	0.000000
2748	2769	0.000000
2749	2768	0.000000
2750	2767	0.000000
2751	2725	0.000000
2752	2765	0.000000
2753	2764	0.000000
2754	2763	0.000000
2755	2762	0.000000
2756	2761	0.000000
2757	2760	0.000000
2758	2759	0.000000
2759	2758	0.000000
2760	2757	0.000000
2761	2756	0.000000
2762	2755	0.000000
2763	2753	0.000000
2764	2724	0.000000
2765	2709	0.000000
2766	2722	0.000000
2767	2689	0.000000
2768	2688	0.000000
2769	2687	0.000000
2770	2686	0.000000
2771	2685	0.000000
2772	2684	0.000000
2773	2683	0.000000
2774	2682	0.000000
2775	2681	0.000000
2776	2680	0.000000
2777	2679	0.000000
2778	2678	0.000000
2779	2690	0.000000
2780	2677	0.000000
2781	2675	0.000000
2782	2674	0.000000
2783	2673	0.000000
2784	2672	0.000000
2785	2671	0.000000
2786	2670	0.000000
2787	2669	0.000000
2788	2668	0.000000
2789	All-Neighbor ARFCN (Sorted)[6]	0.000000
2790	All-Neighbor ARFCN (Sorted)[5]	0.000000
2791	All-Neighbor ARFCN (Sorted)[4]	0.000000
2792	All-Neighbor ARFCN (Sorted)[3]	0.000000
2793	2676	0.000000
2794	2691	0.000000
2795	2692	0.000000
2796	2693	0.000000
2797	2721	0.000000
2798	2720	0.000000
2799	2719	0.000000
2800	2718	0.000000
2801	2717	0.000000
2802	2716	0.000000
2803	2715	0.000000
2804	2714	0.000000
2805	2713	0.000000
2806	2712	0.000000
2807	2711	0.000000
2808	2710	0.000000
2809	2708	0.000000
2810	2707	0.000000
2811	2706	0.000000
2812	2705	0.000000
2813	2704	0.000000
2814	2703	0.000000
2815	2702	0.000000
2816	2701	0.000000
2817	2700	0.000000
2818	2699	0.000000
2819	2698	0.000000
2820	2697	0.000000
2821	2696	0.000000
2822	2695	0.000000
2823	2694	0.000000
2824	2723	0.000000
2825	All-BSIC (Num)	0.000000

