121.448942,31.192283
121.448942,31.192283
121.448942,31.192283
121.448942,31.192283
121.448942,31.192283
121.448942,31.192283
121.448942,31.192283
121.448942,31.192283
121.448942,31.192283
121.448942,31.192283
121.448942,31.192283
121.448942,31.192283
121.448942,31.192283
121.448942,31.192283
121.448942,31.192283
121.448942,31.192283
121.448942,31.192283
121.448942,31.192283
121.448942,31.192283
121.448942,31.192283
121.448942,31.192283
121.448942,31.192283
121.448942,31.192283
121.448942,31.192283
121.448942,31.192283
121.448942,31.192283
121.448942,31.192283
121.448942,31.192283
121.448942,31.192283
121.448942,31.192283
121.448942,31.192283
121.448942,31.192283
121.448942,31.192283
121.449206,31.192355
121.448942,31.192283
121.448944,31.192252
121.448942,31.192283
121.448942,31.192283
121.448942,31.192283
121.448942,31.192283
121.448942,31.192283
121.448942,31.192283
121.448942,31.192283
121.448942,31.192283
121.448942,31.192283
121.448942,31.192283
121.448942,31.192283
121.448942,31.192283
121.448942,31.192283
121.448942,31.192283
121.448942,31.192283
121.448942,31.192283
121.448942,31.192283
121.448942,31.192283
121.449206,31.192355
121.448942,31.192283
121.448942,31.192283
121.448942,31.192283
121.448942,31.192283
121.448942,31.192283
121.448942,31.192283
121.448942,31.192283
121.448942,31.192283
121.448942,31.192283
121.448942,31.192283
121.448942,31.192283
121.448942,31.192283
121.448942,31.192283
121.448942,31.192283
121.448942,31.192283
121.448942,31.192283
121.448942,31.192283
121.448942,31.192283
121.448942,31.192283
121.448942,31.192283
121.448942,31.192283
121.448942,31.192283
121.448942,31.192283
121.448942,31.192283
121.448942,31.192283
121.449425,31.193677
121.449425,31.193677
121.449425,31.193677
121.448942,31.192283
121.449425,31.193677
121.449556,31.193302
121.449425,31.193677
121.449425,31.193677
121.449425,31.193677
121.449556,31.193302
121.448167,31.195940
121.448167,31.195940
121.449520,31.193457
121.449520,31.193457
121.441476,31.196035
121.449970,31.193019
121.449970,31.193019
121.449970,31.193019
121.449970,31.193019
121.448167,31.195940
121.449520,31.193457
121.449520,31.193457
121.449520,31.193457
121.449520,31.193457
121.449520,31.193457
121.448944,31.192252
121.448944,31.192252
121.448942,31.192283
121.448942,31.192283
121.448942,31.192283
121.448942,31.192283
121.448942,31.192283
121.448942,31.192283
121.448942,31.192283
121.448340,31.195522
121.448340,31.195522
121.449970,31.193019
121.449520,31.193457
121.449520,31.193457
121.449520,31.193457
121.448340,31.195522
121.449520,31.193457
121.449520,31.193457
121.449520,31.193457
121.449520,31.193457
121.449520,31.193457
121.448942,31.192283
121.448942,31.192283
121.448230,31.195745
121.448942,31.192283
121.448230,31.195745
121.448942,31.192283
121.448230,31.195745
121.448230,31.195745
121.448230,31.195745
121.448944,31.192252
121.449520,31.193457
121.449520,31.193457
121.449520,31.193457
121.449520,31.193457
121.449520,31.193457
121.449520,31.193457
121.449520,31.193457
121.449970,31.193019
121.449970,31.193019
121.448167,31.195940
121.449520,31.193457
121.449520,31.193457
121.448167,31.195940
121.449970,31.193019
121.448167,31.195940
121.448167,31.195940
121.449520,31.193457
121.449520,31.193457
121.448167,31.195940
121.448167,31.195940
121.449520,31.193457
121.449970,31.193019
121.449520,31.193457
121.448167,31.195940
121.449520,31.193457
121.448167,31.195940
121.449520,31.193457
121.449520,31.193457
121.449520,31.193457
121.448167,31.195940
121.449520,31.193457
121.449970,31.193019
121.449520,31.193457
121.448167,31.195940
121.448167,31.195940
121.448167,31.195940
121.448167,31.195940
121.448167,31.195940
121.449520,31.193457
121.449970,31.193019
121.449520,31.193457
121.449520,31.193457
121.449520,31.193457
121.449520,31.193457
121.448167,31.195940
121.448167,31.195940
121.449520,31.193457
121.449970,31.193019
121.448167,31.195940
121.448167,31.195940
121.448167,31.195940
121.449520,31.193457
121.449520,31.193457
121.449520,31.193457
121.448167,31.195940
121.448167,31.195940
121.448167,31.195940
121.449520,31.193457
121.449520,31.193457
121.448167,31.195940
121.448167,31.195940
121.448167,31.195940
121.449520,31.193457
121.449520,31.193457
121.448167,31.195940
121.449970,31.193019
121.448167,31.195940
121.449520,31.193457
121.448167,31.195940
121.449520,31.193457
121.448167,31.195940
121.449970,31.193019
121.448167,31.195940
121.449520,31.193457
121.449520,31.193457
121.449970,31.193019
121.449520,31.193457
121.449970,31.193019
121.448167,31.195940
121.449520,31.193457
121.449520,31.193457
121.449970,31.193019
121.449520,31.193457
121.449520,31.193457
121.448167,31.195940
121.448167,31.195940
121.449520,31.193457
121.449970,31.193019
121.448167,31.195940
121.449970,31.193019
121.449520,31.193457
121.449520,31.193457
121.449520,31.193457
121.449970,31.193019
121.449970,31.193019
121.449520,31.193457
121.449970,31.193019
121.448167,31.195940
121.449520,31.193457
121.448167,31.195940
121.448167,31.195940
121.449520,31.193457
121.448942,31.192283
121.448942,31.192283
121.448942,31.192283
121.448230,31.195745
121.448942,31.192283
121.448942,31.192283
121.448230,31.195745
121.448230,31.195745
121.448942,31.192283
121.448230,31.195745
121.448944,31.192252
121.449520,31.193457
121.448167,31.195940
121.449970,31.193019
121.448167,31.195940
121.449970,31.193019
121.449970,31.193019
121.448167,31.195940
121.448167,31.195940
121.449520,31.193457
121.449520,31.193457
121.449520,31.193457
121.448167,31.195940
121.448167,31.195940
121.448167,31.195940
121.449520,31.193457
121.449520,31.193457
121.448942,31.192283
121.448942,31.192283
121.448942,31.192283
121.448942,31.192283
121.448942,31.192283
121.448942,31.192283
121.448942,31.192283
121.448942,31.192283
121.448942,31.192283
121.448942,31.192283
121.448942,31.192283
121.448340,31.195522
121.449520,31.193457
121.449520,31.193457
121.449520,31.193457
121.449520,31.193457
121.449520,31.193457
121.448167,31.195940
121.448167,31.195940
121.449520,31.193457
121.449970,31.193019
121.449520,31.193457
121.448167,31.195940
121.449520,31.193457
121.449970,31.193019
121.449520,31.193457
121.449520,31.193457
121.445543,31.195327
121.448167,31.195940
121.449520,31.193457
121.449520,31.193457
121.449520,31.193457
121.449520,31.193457
121.449520,31.193457
121.449520,31.193457
121.449520,31.193457
121.449520,31.193457
121.449520,31.193457
121.449520,31.193457
121.449520,31.193457
121.449520,31.193457
121.449520,31.193457
121.448167,31.195940
121.449520,31.193457
121.448167,31.195940
121.442593,31.194009
121.442593,31.194009
121.448230,31.195745
121.448230,31.195745
121.448230,31.195745
121.448230,31.195745
121.448230,31.195745
121.448230,31.195745
121.448230,31.195745
121.449520,31.193457
121.448230,31.195745
121.448230,31.195745
121.449520,31.193457
121.448230,31.195745
121.448230,31.195745
121.448230,31.195745
121.448230,31.195745
121.449520,31.193457
121.449520,31.193457
121.448230,31.195745
121.449520,31.193457
121.449520,31.193457
121.448230,31.195745
121.448230,31.195745
121.448230,31.195745
121.448230,31.195745
121.449520,31.193457
121.449520,31.193457
121.449520,31.193457
121.449520,31.193457
121.449520,31.193457
121.449520,31.193457
121.449520,31.193457
121.449520,31.193457
121.449520,31.193457
121.449520,31.193457
121.448230,31.195745
121.448230,31.195745
121.449520,31.193457
121.449520,31.193457
121.449520,31.193457
121.449520,31.193457
121.449520,31.193457
121.448230,31.195745
121.449520,31.193457
121.449520,31.193457
121.448230,31.195745
121.449520,31.193457
121.449520,31.193457
121.448230,31.195745
121.442593,31.194009
121.448230,31.195745
121.449520,31.193457
121.449520,31.193457
121.448230,31.195745
121.448230,31.195745
121.449520,31.193457
121.449520,31.193457
121.449520,31.193457
121.449520,31.193457
121.449520,31.193457
121.449520,31.193457
121.442593,31.194009
121.449520,31.193457
121.442593,31.194009
121.449520,31.193457
121.449520,31.193457
121.442593,31.194009
121.449520,31.193457
121.449520,31.193457
121.449520,31.193457
121.448230,31.195745
121.449520,31.193457
121.449520,31.193457
121.449520,31.193457
121.449520,31.193457
121.449520,31.193457
121.449520,31.193457
121.442593,31.194009
121.449520,31.193457
121.449520,31.193457
121.449520,31.193457
121.442593,31.194009
121.449520,31.193457
121.449520,31.193457
121.449520,31.193457
121.449520,31.193457
121.449520,31.193457
121.449520,31.193457
121.449520,31.193457
121.449520,31.193457
121.449520,31.193457
121.449520,31.193457
121.449520,31.193457
121.449520,31.193457
121.449520,31.193457
121.449520,31.193457
121.449520,31.193457
121.449520,31.193457
121.449520,31.193457
121.449520,31.193457
121.442593,31.194009
121.449520,31.193457
121.449520,31.193457
121.449520,31.193457
121.449520,31.193457
121.449520,31.193457
121.449520,31.193457
121.449520,31.193457
121.442593,31.194009
121.449520,31.193457
121.449520,31.193457
121.449520,31.193457
121.449520,31.193457
121.449520,31.193457
121.449520,31.193457
121.449520,31.193457
121.442593,31.194009
121.449520,31.193457
121.449520,31.193457
121.449520,31.193457
121.449520,31.193457
121.449520,31.193457
121.449520,31.193457
121.449520,31.193457
121.449520,31.193457
121.449520,31.193457
121.442593,31.194009
121.449520,31.193457
121.449520,31.193457
121.449520,31.193457
121.449520,31.193457
121.449520,31.193457
121.442593,31.194009
121.442593,31.194009
121.449520,31.193457
121.449520,31.193457
121.449520,31.193457
121.449520,31.193457
121.442593,31.194009
121.449520,31.193457
121.449520,31.193457
121.449520,31.193457
121.449520,31.193457
121.449520,31.193457
121.449520,31.193457
121.449520,31.193457
121.449520,31.193457
121.449520,31.193457
121.442593,31.194009
121.449520,31.193457
121.449520,31.193457
121.449520,31.193457
121.449520,31.193457
121.449520,31.193457
121.449520,31.193457
121.449520,31.193457
121.449520,31.193457
121.449520,31.193457
121.449520,31.193457
121.449520,31.193457
121.449520,31.193457
121.449520,31.193457
121.449520,31.193457
121.442593,31.194009
121.449520,31.193457
121.449520,31.193457
121.442593,31.194009
121.449520,31.193457
121.442593,31.194009
121.449520,31.193457
121.449520,31.193457
121.449520,31.193457
121.442593,31.194009
121.442593,31.194009
121.449520,31.193457
121.449520,31.193457
121.449520,31.193457
121.449520,31.193457
121.449520,31.193457
121.442593,31.194009
121.442593,31.194009
121.449520,31.193457
121.442593,31.194009
121.442593,31.194009
121.449520,31.193457
121.442593,31.194009
121.442593,31.194009
121.449520,31.193457
121.442593,31.194009
121.442593,31.194009
121.442593,31.194009
121.449520,31.193457
121.449520,31.193457
121.442593,31.194009
121.449520,31.193457
121.449520,31.193457
121.449520,31.193457
121.442593,31.194009
121.449520,31.193457
121.442593,31.194009
121.442593,31.194009
121.442593,31.194009
121.442593,31.194009
121.442593,31.194009
121.449520,31.193457
121.449520,31.193457
121.442593,31.194009
121.449520,31.193457
121.442593,31.194009
121.442593,31.194009
121.442593,31.194009
121.442593,31.194009
121.442593,31.194009
121.449520,31.193457
121.442593,31.194009
121.442593,31.194009
121.449520,31.193457
121.442593,31.194009
121.449520,31.193457
121.442593,31.194009
121.442593,31.194009
121.442593,31.194009
121.442593,31.194009
121.442593,31.194009
121.442593,31.194009
121.442593,31.194009
121.442593,31.194009
121.449520,31.193457
121.442593,31.194009
121.442593,31.194009
121.442593,31.194009
121.442593,31.194009
121.442593,31.194009
121.442593,31.194009
121.442593,31.194009
121.442593,31.194009
121.442593,31.194009
121.442593,31.194009
121.442593,31.194009
121.449520,31.193457
121.449520,31.193457
121.442593,31.194009
121.442593,31.194009
121.442593,31.194009
121.449520,31.193457
121.442593,31.194009
121.442593,31.194009
121.449520,31.193457
121.442593,31.194009
121.449520,31.193457
121.449520,31.193457
121.449520,31.193457
121.449520,31.193457
121.449520,31.193457
121.449520,31.193457
121.449520,31.193457
121.442593,31.194009
121.449520,31.193457
121.449520,31.193457
121.442593,31.194009
121.449520,31.193457
121.449520,31.193457
121.449520,31.193457
121.449520,31.193457
121.449520,31.193457
121.449520,31.193457
121.449520,31.193457
121.442593,31.194009
121.449520,31.193457
121.449520,31.193457
121.442593,31.194009
121.442593,31.194009
121.442593,31.194009
121.442593,31.194009
121.449520,31.193457
121.442593,31.194009
121.442593,31.194009
121.449520,31.193457
121.449520,31.193457
121.449520,31.193457
121.442593,31.194009
121.442593,31.194009
121.442593,31.194009
121.442593,31.194009
121.449520,31.193457
121.449520,31.193457
121.449520,31.193457
121.442593,31.194009
121.442593,31.194009
121.442593,31.194009
121.449520,31.193457
121.449520,31.193457
121.449520,31.193457
121.449520,31.193457
121.449520,31.193457
121.442593,31.194009
121.449520,31.193457
121.449520,31.193457
121.442593,31.194009
121.449520,31.193457
121.449520,31.193457
121.449520,31.193457
121.449520,31.193457
121.449520,31.193457
121.442593,31.194009
121.442593,31.194009
121.449520,31.193457
121.449520,31.193457
121.449520,31.193457
121.442593,31.194009
121.442593,31.194009
121.442593,31.194009
121.442593,31.194009
121.442593,31.194009
121.442593,31.194009
121.442593,31.194009
121.442593,31.194009
121.442593,31.194009
121.442593,31.194009
121.442593,31.194009
121.442593,31.194009
121.442593,31.194009
121.442593,31.194009
121.442593,31.194009
121.442593,31.194009
121.442593,31.194009
121.442593,31.194009
121.442593,31.194009
121.442593,31.194009
121.442593,31.194009
121.442593,31.194009
121.442593,31.194009
121.442593,31.194009
121.442593,31.194009
121.442593,31.194009
121.442593,31.194009
121.442593,31.194009
121.442593,31.194009
121.442593,31.194009
121.442593,31.194009
121.442593,31.194009
121.442593,31.194009
121.442593,31.194009
121.442593,31.194009
121.442593,31.194009
121.442593,31.194009
121.442593,31.194009
121.442593,31.194009
121.442593,31.194009
121.441913,31.194965
121.441913,31.194965
121.442593,31.194009
121.442593,31.194009
121.441913,31.194965
121.441913,31.194965
121.449520,31.193457
121.442593,31.194009
121.442593,31.194009
121.442593,31.194009
121.449520,31.193457
121.442593,31.194009
121.449520,31.193457
121.449520,31.193457
121.449520,31.193457
121.449520,31.193457
121.448167,31.195940
121.448167,31.195940
121.449520,31.193457
121.449520,31.193457
121.448167,31.195940
121.448340,31.195522
121.449520,31.193457
121.448167,31.195940
121.448167,31.195940
121.449520,31.193457
121.448340,31.195522
121.448167,31.195940
121.449520,31.193457
121.448340,31.195522
121.449520,31.193457
121.448167,31.195940
121.448167,31.195940
121.449520,31.193457
121.449520,31.193457
121.448167,31.195940
121.448340,31.195522
121.449520,31.193457
121.448167,31.195940
121.449520,31.193457
121.449520,31.193457
121.448167,31.195940
121.448167,31.195940
121.449520,31.193457
121.448167,31.195940
121.449520,31.193457
121.448167,31.195940
121.449520,31.193457
121.449520,31.193457
121.448340,31.195522
121.449520,31.193457
121.448167,31.195940
121.448167,31.195940
121.448167,31.195940
121.448167,31.195940
121.449520,31.193457
121.448340,31.195522
121.449520,31.193457
121.449520,31.193457
121.448167,31.195940
121.448167,31.195940
121.449520,31.193457
121.448167,31.195940
121.449520,31.193457
121.448167,31.195940
121.449520,31.193457
121.448167,31.195940
121.448340,31.195522
121.448340,31.195522
121.448167,31.195940
121.448167,31.195940
121.448167,31.195940
121.448340,31.195522
121.449520,31.193457
121.448340,31.195522
121.449520,31.193457
121.449520,31.193457
121.449520,31.193457
121.449520,31.193457
121.449520,31.193457
121.449520,31.193457
121.448340,31.195522
121.448167,31.195940
121.449520,31.193457
121.448167,31.195940
121.449520,31.193457
121.448167,31.195940
121.448167,31.195940
121.449520,31.193457
121.449520,31.193457
121.449520,31.193457
121.449520,31.193457
121.448167,31.195940
121.448167,31.195940
121.449520,31.193457
121.448167,31.195940
121.449520,31.193457
121.448167,31.195940
121.448167,31.195940
121.448167,31.195940
121.448167,31.195940
121.449520,31.193457
121.449520,31.193457
121.448167,31.195940
121.449520,31.193457
121.448167,31.195940
121.449520,31.193457
121.449520,31.193457
121.449520,31.193457
121.449520,31.193457
121.448167,31.195940
121.448167,31.195940
121.449520,31.193457
121.449520,31.193457
121.448167,31.195940
121.448167,31.195940
121.449520,31.193457
121.449520,31.193457
121.449520,31.193457
121.448167,31.195940
121.448167,31.195940
121.449520,31.193457
121.448167,31.195940
121.448167,31.195940
121.449520,31.193457
121.449520,31.193457
121.449520,31.193457
121.448167,31.195940
121.448167,31.195940
121.448167,31.195940
121.448167,31.195940
121.448167,31.195940
121.449520,31.193457
121.449520,31.193457
121.449520,31.193457
121.448167,31.195940
121.448167,31.195940
121.449520,31.193457
121.449520,31.193457
121.449520,31.193457
121.449520,31.193457
121.448167,31.195940
121.449520,31.193457
121.449520,31.193457
121.449520,31.193457
121.448167,31.195940
121.448167,31.195940
121.449520,31.193457
121.448167,31.195940
121.448167,31.195940
121.449520,31.193457
121.448167,31.195940
121.449520,31.193457
121.448167,31.195940
121.449520,31.193457
121.448167,31.195940
121.449520,31.193457
121.449520,31.193457
121.449520,31.193457
121.449520,31.193457
121.449520,31.193457
121.449520,31.193457
121.448167,31.195940
121.448167,31.195940
121.448167,31.195940
121.448167,31.195940
121.449520,31.193457
121.449520,31.193457
121.448167,31.195940
121.449520,31.193457
121.448340,31.195522
121.448167,31.195940
121.448167,31.195940
121.448167,31.195940
121.448167,31.195940
121.449520,31.193457
121.449520,31.193457
121.449520,31.193457
121.449520,31.193457
121.448167,31.195940
121.449520,31.193457
121.448167,31.195940
121.448167,31.195940
121.449520,31.193457
121.448167,31.195940
121.449520,31.193457
121.448167,31.195940
121.448167,31.195940
121.448167,31.195940
121.448167,31.195940
121.448167,31.195940
121.448167,31.195940
121.448167,31.195940
121.448167,31.195940
121.448167,31.195940
121.448167,31.195940
121.448167,31.195940
121.448167,31.195940
121.448167,31.195940
121.448167,31.195940
121.448167,31.195940
121.448167,31.195940
121.448167,31.195940
121.448167,31.195940
121.448167,31.195940
121.448167,31.195940
121.448167,31.195940
121.448167,31.195940
121.448167,31.195940
121.448167,31.195940
121.449520,31.193457
121.448167,31.195940
121.448167,31.195940
121.449520,31.193457
121.448167,31.195940
121.448167,31.195940
121.448167,31.195940
121.448167,31.195940
121.448167,31.195940
121.448167,31.195940
121.448167,31.195940
121.448167,31.195940
121.448167,31.195940
121.449520,31.193457
121.449520,31.193457
121.448167,31.195940
121.448167,31.195940
121.448167,31.195940
121.448167,31.195940
121.449520,31.193457
121.448167,31.195940
121.448167,31.195940
121.448167,31.195940
121.448167,31.195940
121.448167,31.195940
121.448167,31.195940
121.448167,31.195940
121.448167,31.195940
121.442041,31.194740
121.444813,31.194891
121.444813,31.194891
121.444813,31.194891
121.442041,31.194740
121.444813,31.194891
121.442041,31.194740
121.444813,31.194891
121.444813,31.194891
121.444813,31.194891
121.444813,31.194891
121.444813,31.194891
121.444813,31.194891
121.444813,31.194891
121.444813,31.194891
121.444813,31.194891
121.444813,31.194891
121.444813,31.194891
121.444813,31.194891
121.444813,31.194891
121.444813,31.194891
121.444813,31.194891
121.444813,31.194891
121.442041,31.194740
121.444813,31.194891
121.444813,31.194891
121.444813,31.194891
121.444813,31.194891
121.444813,31.194891
121.442041,31.194740
121.444813,31.194891
121.444813,31.194891
121.444813,31.194891
121.444813,31.194891
121.444813,31.194891
121.444813,31.194891
121.444813,31.194891
121.442041,31.194740
121.444813,31.194891
121.444813,31.194891
121.444813,31.194891
121.444813,31.194891
121.444813,31.194891
121.444813,31.194891
121.444813,31.194891
121.444813,31.194891
121.444813,31.194891
121.444813,31.194891
121.444813,31.194891
121.442041,31.194740
121.442041,31.194740
121.442041,31.194740
121.442041,31.194740
121.444813,31.194891
121.442041,31.194740
121.442041,31.194740
121.442041,31.194740
121.442041,31.194740
121.442041,31.194740
121.442041,31.194740
121.442041,31.194740
121.444813,31.194891
121.444813,31.194891
121.444813,31.194891
121.444813,31.194891
121.442041,31.194740
121.442041,31.194740
121.444813,31.194891
121.444813,31.194891
121.442041,31.194740
121.442041,31.194740
121.442041,31.194740
121.444813,31.194891
121.444813,31.194891
121.444813,31.194891
121.444813,31.194891
121.444813,31.194891
121.442041,31.194740
121.444813,31.194891
121.442041,31.194740
121.444813,31.194891
121.444813,31.194891
121.444813,31.194891
121.442041,31.194740
121.442041,31.194740
121.442041,31.194740
121.444813,31.194891
121.444813,31.194891
121.444813,31.194891
121.444813,31.194891
121.444813,31.194891
121.442041,31.194740
121.444813,31.194891
121.444813,31.194891
121.444813,31.194891
121.444813,31.194891
121.444813,31.194891
121.444813,31.194891
121.444813,31.194891
121.444813,31.194891
121.444813,31.194891
121.442041,31.194740
121.442041,31.194740
121.442041,31.194740
121.442041,31.194740
121.444813,31.194891
121.444813,31.194891
121.444813,31.194891
121.442041,31.194740
121.442041,31.194740
121.442041,31.194740
121.442041,31.194740
121.442041,31.194740
121.444813,31.194891
121.442041,31.194740
121.444813,31.194891
121.444813,31.194891
121.442041,31.194740
121.444813,31.194891
121.444813,31.194891
121.444813,31.194891
121.444813,31.194891
121.442041,31.194740
121.444813,31.194891
121.444813,31.194891
121.444813,31.194891
121.444813,31.194891
121.442041,31.194740
121.444813,31.194891
121.444813,31.194891
121.444813,31.194891
121.444813,31.194891
121.444813,31.194891
121.444813,31.194891
121.444813,31.194891
121.444813,31.194891
121.444813,31.194891
121.444813,31.194891
121.444813,31.194891
121.444813,31.194891
121.444813,31.194891
121.444813,31.194891
121.444813,31.194891
121.444813,31.194891
121.444813,31.194891
121.444813,31.194891
121.444813,31.194891
121.444813,31.194891
121.444813,31.194891
121.443801,31.194265
121.441913,31.194965
121.444813,31.194891
121.442041,31.194740
121.442041,31.194740
121.442041,31.194740
121.442593,31.194009
121.447447,31.196421
121.447447,31.196421
121.447447,31.196421
121.447447,31.196421
121.447447,31.196421
121.447447,31.196421
121.447447,31.196421
121.447447,31.196421
121.443801,31.194265
121.443329,31.193961
121.443329,31.193961
121.445533,31.195322
121.442593,31.194009
121.444813,31.194891
121.443005,31.193900
121.443005,31.193900
121.442593,31.194009
121.442593,31.194009
121.445533,31.195322
121.442593,31.194009
121.442593,31.194009
121.445533,31.195322
121.442593,31.194009
