121.484767,31.256108
121.484816,31.257380
121.484975,31.258383
121.484986,31.256468
121.487465,31.250613
121.498138,31.228797
121.502784,31.223305
121.499607,31.225020
121.498639,31.225251
121.483934,31.225044
121.483345,31.225700
121.483317,31.225690
121.483485,31.225654
121.483580,31.224505
121.486216,31.222703
121.493704,31.225032
121.486253,31.222285
121.485398,31.221682
121.486653,31.222525
121.498897,31.225010
121.497548,31.226263
121.497333,31.228324
121.482060,31.229074
121.481392,31.229684
121.481509,31.229739
121.481895,31.230363
121.482138,31.229934
121.481210,31.229680
121.481516,31.230067
121.481475,31.229644
121.481816,31.229213
121.482057,31.229062
121.481316,31.228644
121.478437,31.228414
121.477415,31.228647
121.476584,31.230049
121.474839,31.231233
121.473249,31.232919
121.473341,31.235424
121.473784,31.235556
121.473584,31.236015
121.473676,31.235562
121.472756,31.236258
121.470271,31.242547
121.470360,31.243012
121.470408,31.242974
121.470873,31.242684
121.470234,31.243170
121.469890,31.242941
121.470629,31.243373
121.470952,31.243581
121.468353,31.246122
121.467801,31.250193
121.466773,31.251518
121.466946,31.252277
121.466280,31.252447
121.467177,31.252625
121.465707,31.253164
121.465978,31.253262
121.468225,31.252708
121.467828,31.252775
121.468009,31.253028
121.467669,31.252903
121.466815,31.252391
121.465960,31.253392
121.465764,31.255027
121.466638,31.256287
121.465937,31.256508
121.465689,31.259113
121.466010,31.260881
121.466556,31.261565
121.466332,31.261057
121.463640,31.260708
121.464015,31.260464
121.462813,31.259880
121.463967,31.258841
121.462975,31.258879
121.461026,31.261415
121.459768,31.261560
121.458978,31.262672
121.458954,31.262600
121.459539,31.263500
121.459611,31.263194
121.459775,31.262926
121.459685,31.263151
121.459921,31.263436
121.459576,31.263128
121.458826,31.261178
121.458732,31.264692
121.459225,31.263325
121.458700,31.262599
121.456879,31.264015
121.452878,31.273187
121.450876,31.274659
121.449185,31.275025
121.447350,31.271733
121.444891,31.269481
121.441717,31.266252
121.441443,31.258712
121.439477,31.259699
121.440587,31.261809
121.444253,31.265925
121.443238,31.268071
121.446435,31.264303
121.447020,31.261976
121.446901,31.262762
121.446948,31.261967
121.447375,31.261032
121.450075,31.260306
121.450526,31.258936
121.450629,31.258460
121.450558,31.258788
121.450777,31.258271
121.451114,31.258931
121.451480,31.258520
121.451586,31.258667
121.451652,31.259353
121.451734,31.260250
121.451699,31.259201
121.451843,31.260991
121.451342,31.261018
121.451071,31.259602
121.452724,31.259575
121.455658,31.257810
121.460435,31.259766
121.462726,31.257482
121.465045,31.255028
121.481908,31.233753
121.480691,31.229705
121.479888,31.229941
121.482173,31.229414
121.480937,31.228805
121.477776,31.228762
121.477063,31.228223
121.477149,31.228307
121.475965,31.228276
121.472206,31.226492
121.470067,31.225709
121.468603,31.224936
121.466094,31.225233
121.464939,31.225363
121.465391,31.225287
121.465396,31.225272
121.465374,31.224773
121.465161,31.224793
121.464373,31.224996
121.456663,31.225187
121.453414,31.223761
121.453289,31.223794
121.452788,31.223650
121.452515,31.223385
121.452731,31.223658
121.452517,31.223347
121.452450,31.223649
121.452923,31.223723
121.452822,31.223611
121.453930,31.224533
121.454482,31.224621
121.452714,31.223816
121.448791,31.222010
121.449544,31.222400
121.450536,31.222655
121.447882,31.223412
121.446752,31.223414
121.446611,31.222595
121.445108,31.221570
121.444369,31.221626
121.444967,31.222864
121.444245,31.222650
121.444110,31.222867
121.444705,31.222877
121.444053,31.223455
121.443900,31.224201
121.443938,31.224840
121.445899,31.225502
121.451238,31.228110
121.454419,31.231567
121.453854,31.231431
121.455479,31.231815
121.456216,31.231838
121.456834,31.232095
121.458848,31.232161
121.464907,31.231186
121.464951,31.231468
121.465306,31.231314
121.466427,31.231766
121.466378,31.231753
121.467072,31.232384
121.465949,31.231889
121.466553,31.232164
121.468578,31.232553
121.468422,31.232330
121.467061,31.233001
121.467916,31.232109
121.467724,31.232688
121.467364,31.233095
121.467657,31.232115
121.467652,31.232192
121.468377,31.232856
121.467865,31.232484
121.468495,31.232760
121.466657,31.232799
121.467659,31.232289
121.467226,31.232395
121.467082,31.232207
121.466442,31.232235
121.467780,31.232780
121.468690,31.232372
121.471977,31.233933
121.473248,31.234945
121.472487,31.235140
121.473080,31.236525
121.473011,31.236318
121.473170,31.235836
121.473863,31.234400
121.473464,31.236002
121.472815,31.235406
121.472925,31.235201
121.473695,31.235206
121.474169,31.233507
121.477431,31.233055
121.476965,31.233255
121.477299,31.233158
121.477918,31.232171
121.478708,31.232988
121.477843,31.232163
121.477761,31.233413
121.477522,31.233861
121.480721,31.234112
121.480172,31.238831
121.483669,31.250823
121.484546,31.253675
121.482677,31.251876
121.481868,31.250740
121.481975,31.250852
121.481459,31.250228
121.481605,31.250158
121.482136,31.251095
121.482161,31.252651
121.482659,31.254128
121.481621,31.252159
121.481417,31.250513
121.481532,31.251428
121.472723,31.248618
121.471837,31.248878
121.470497,31.248987
121.469138,31.247345
121.467195,31.248444
121.462912,31.251902
121.457347,31.258663
121.453035,31.260201
121.451982,31.260080
121.451662,31.260114
121.451245,31.260620
121.450425,31.260209
121.447533,31.259565
121.446280,31.259487
121.443313,31.259885
121.426283,31.255191
121.425108,31.254790
121.426395,31.254628
121.425977,31.252532
121.428874,31.251447
121.421605,31.251165
121.420541,31.248679
121.418509,31.250215
121.421135,31.251617
121.418755,31.253297
121.419010,31.245513
121.418005,31.244099
121.415153,31.244322
121.416121,31.244155
121.417095,31.244296
121.417982,31.244050
121.417067,31.244183
121.416734,31.244231
121.411137,31.245408
121.406918,31.247724
121.403820,31.250533
121.406260,31.234029
121.424121,31.197981
121.426268,31.189673
121.426132,31.190029
121.427868,31.190647
121.428740,31.190852
121.428430,31.190554
121.428525,31.189818
121.429152,31.190948
121.430579,31.191227
121.431262,31.190311
121.438974,31.191906
121.438025,31.191522
121.437400,31.191184
121.439973,31.190183
121.442750,31.189930
121.442401,31.188966
121.442361,31.189457
121.442092,31.189330
121.442364,31.189224
121.443325,31.188760
121.443528,31.192911
121.455832,31.201645
121.459565,31.203546
121.458563,31.202875
121.459546,31.202873
121.458192,31.203447
121.460180,31.203314
121.461510,31.203939
121.461886,31.204154
121.461346,31.204280
121.461364,31.204106
121.463519,31.205300
121.467544,31.205332
121.468107,31.205309
121.467220,31.205186
121.466560,31.204915
121.465928,31.204928
121.466989,31.205198
121.468446,31.205632
121.467981,31.205275
121.467898,31.205345
121.468868,31.205720
121.469299,31.205761
121.469962,31.206443
121.470655,31.207139
121.471511,31.207270
121.470396,31.206573
121.470630,31.206758
121.470609,31.207251
121.470708,31.207968
121.472604,31.208102
121.472169,31.210672
121.471489,31.210872
121.470941,31.214008
121.470918,31.213215
121.470893,31.213988
121.471747,31.219391
121.472118,31.219874
121.472022,31.220182
121.471876,31.220906
121.471865,31.222618
121.472214,31.222165
121.472045,31.222215
121.472081,31.221659
121.471717,31.221300
121.471786,31.221120
121.472549,31.222565
121.472790,31.222778
121.475799,31.225825
121.478743,31.227981
121.478808,31.226497
121.477998,31.227255
121.475845,31.228393
121.475312,31.228850
121.474842,31.228737
121.474998,31.228689
121.475079,31.228720
121.475040,31.228703
121.475040,31.228703
121.475111,31.228711
121.475038,31.228709
121.476588,31.228814
121.477213,31.228127
121.481605,31.228353
121.482175,31.229182
121.482534,31.230646
121.481847,31.230205
121.481330,31.230079
121.481926,31.229021
121.481379,31.229128
121.482441,31.229259
121.482358,31.229149
121.481595,31.229029
121.481282,31.229180
121.480502,31.228729
121.479793,31.228750
121.479909,31.229224
121.480024,31.228402
121.480737,31.229075
121.478096,31.227998
121.478296,31.228178
121.477986,31.228510
121.477706,31.228378
121.478983,31.228596
121.479309,31.228665
121.480041,31.228450
121.478265,31.228234
121.478223,31.228377
121.478181,31.227943
121.477534,31.228536
121.477530,31.228581
121.477872,31.228664
121.475938,31.229196
121.478302,31.228554
121.477838,31.228619
121.477327,31.228521
121.476798,31.228683
121.477460,31.228458
121.477001,31.228979
121.477818,31.227100
121.478201,31.227055
121.477481,31.228086
121.478051,31.228788
121.479732,31.229272
121.479313,31.228808
121.479754,31.229384
121.480053,31.229197
121.479719,31.229231
121.479764,31.229135
121.480312,31.228998
121.479911,31.229277
121.482021,31.230019
121.480750,31.228937
121.480440,31.229718
121.479798,31.229792
121.479954,31.229592
121.479663,31.229906
121.480496,31.229833
121.480673,31.229618
121.480239,31.229408
121.480734,31.229588
121.483886,31.229824
121.480425,31.229729
121.480290,31.230012
121.483845,31.230457
121.483820,31.230426
121.480427,31.229613
121.480408,31.229803
121.480693,31.229948
121.482832,31.230309
121.482011,31.230199
121.479557,31.230152
121.482506,31.230222
121.480233,31.229620
121.480101,31.229823
121.480175,31.229339
121.480315,31.229387
121.482729,31.230617
121.482734,31.230625
121.482954,31.230727
121.482638,31.230619
121.482851,31.230465
121.483088,31.230447
121.482956,31.230479
121.482478,31.230318
121.482451,31.230033
121.482719,31.230157
121.482719,31.230221
121.483083,31.230486
121.482855,31.230215
121.483014,31.230337
121.482481,31.230096
121.482570,31.230140
121.482395,31.229825
121.482484,31.230190
121.481971,31.229904
121.480498,31.229324
121.480900,31.229217
121.480395,31.228966
121.480600,31.228785
121.479724,31.229641
121.479826,31.229353
121.479304,31.229400
121.479963,31.229695
121.479668,31.229330
121.479967,31.229517
121.479837,31.229240
121.479902,31.228876
121.481900,31.229992
121.481527,31.229138
121.480944,31.229677
121.479623,31.229130
121.479523,31.229304
121.479027,31.228244
121.479083,31.228309
121.477508,31.228717
121.479843,31.229057
121.478234,31.228949
121.477865,31.228896
121.478062,31.228581
121.477765,31.228321
121.477486,31.228733
121.477879,31.228859
121.477534,31.228347
121.479468,31.228650
121.478703,31.229002
121.477916,31.228508
121.477378,31.228464
121.477521,31.228728
121.477929,31.228490
121.477983,31.228854
121.478079,31.228183
121.476351,31.228480
121.475965,31.227830
121.476097,31.227641
121.476043,31.227307
121.475743,31.227275
121.475866,31.227376
121.475047,31.226830
121.473957,31.227113
121.470856,31.230087
121.471120,31.229272
121.469553,31.226906
121.468787,31.225733
121.469231,31.225597
121.468883,31.225736
121.467953,31.225904
121.468025,31.225886
121.468201,31.226321
121.467540,31.228549
121.468614,31.228829
121.468225,31.227910
121.467944,31.228649
121.466629,31.229452
121.467413,31.231272
121.467182,31.231059
121.468311,31.231319
121.467113,31.232340
121.465956,31.232702
121.466814,31.232292
121.466898,31.232180
121.467693,31.230998
121.467573,31.231900
121.467970,31.231904
121.467686,31.232852
121.467187,31.232580
121.465989,31.233597
121.468061,31.232316
121.467870,31.232025
121.467867,31.232422
121.467231,31.233084
121.467140,31.232869
121.467408,31.233244
121.466227,31.236811
121.466288,31.238449
121.462907,31.244768
121.466848,31.238575
121.463834,31.242714
121.462915,31.243513
121.462693,31.243946
121.462735,31.244034
121.462086,31.244389
121.461897,31.244740
121.462135,31.245336
121.462304,31.244679
121.462509,31.244030
121.462807,31.244934
121.462558,31.244920
121.462473,31.244537
121.462447,31.243477
121.462566,31.243802
121.462740,31.244414
121.462548,31.243664
121.462539,31.244255
121.461766,31.246360
121.461076,31.246185
121.461997,31.246355
121.462500,31.246444
121.462856,31.246703
121.462827,31.246763
121.463401,31.249912
121.463656,31.252851
121.463023,31.254507
121.463236,31.256154
121.461853,31.255304
121.462165,31.258216
121.461024,31.260240
121.459855,31.260443
121.459771,31.260403
121.457474,31.263073
121.458692,31.261596
121.458625,31.263507
121.459008,31.264091
121.459030,31.264685
121.458336,31.264125
121.458649,31.262365
121.459032,31.263110
121.457550,31.264541
121.457056,31.267330
121.457669,31.266678
121.456920,31.267875
121.456328,31.268041
121.456723,31.267809
121.457035,31.268016
121.456294,31.266917
121.456262,31.268274
121.455823,31.267179
121.455808,31.266144
121.456231,31.266956
121.456425,31.265936
121.456502,31.265910
121.456325,31.266545
121.456199,31.268269
121.456782,31.267301
121.456589,31.267877
121.456175,31.267465
121.456560,31.268057
121.456096,31.268257
121.456268,31.268919
121.457849,31.265653
121.457900,31.263231
121.457946,31.262402
121.458732,31.263853
121.458095,31.264601
121.457368,31.265346
121.457966,31.264387
121.458657,31.264307
121.458430,31.263246
121.459003,31.264021
121.458596,31.263595
121.458925,31.261783
121.458876,31.262711
121.459318,31.262219
121.457165,31.265116
121.456534,31.264359
121.456757,31.263960
121.458953,31.261288
121.458775,31.260761
121.459498,31.260251
121.459332,31.260313
121.458860,31.260592
121.458325,31.260604
121.455815,31.260304
121.454527,31.259663
121.453701,31.259786
121.453237,31.259498
121.452898,31.259800
121.453088,31.259313
121.453397,31.258970
121.452912,31.259409
121.452403,31.259383
121.450178,31.258662
121.449081,31.258688
121.447695,31.258338
121.446682,31.257352
121.444939,31.256890
121.440831,31.258031
121.424665,31.253810
121.420328,31.249643
121.416239,31.244613
121.414145,31.246181
121.409216,31.235092
121.408176,31.246168
121.409147,31.245472
121.409522,31.245366
121.408945,31.245776
121.409203,31.246229
121.409206,31.245871
121.409630,31.245721
121.409462,31.245278
121.409106,31.245511
121.412101,31.245674
121.415071,31.246999
121.414520,31.245958
121.414992,31.244973
121.415592,31.245705
121.417248,31.244439
121.417522,31.243422
121.414833,31.244383
121.415015,31.245126
121.415249,31.244344
121.419644,31.241942
121.416146,31.243315
121.415872,31.246168
121.415975,31.244384
121.416114,31.244653
121.418345,31.241441
121.419235,31.242260
121.420524,31.241665
121.422457,31.243020
121.420268,31.249607
121.421325,31.251546
121.427423,31.246619
121.443616,31.256607
121.446201,31.258777
121.450434,31.259225
121.450798,31.259528
121.449904,31.259527
121.449839,31.259409
121.450311,31.259152
121.452784,31.259081
121.460688,31.258140
121.462648,31.257687
121.461812,31.258428
121.462558,31.256946
121.462807,31.252505
121.462868,31.247796
121.462184,31.246235
121.462557,31.246004
121.466952,31.238151
121.467498,31.232231
121.470289,31.230994
121.477176,31.228546
121.480908,31.229520
121.483691,31.229591
121.507172,31.229238
121.505360,31.217917
121.505334,31.212775
121.505351,31.212917
121.504595,31.213175
121.506835,31.213330
121.505241,31.213744
121.504209,31.215584
121.485123,31.214937
121.483880,31.214512
121.483140,31.215554
121.484222,31.214987
121.484524,31.214510
121.484245,31.215308
121.484192,31.215503
121.484551,31.214730
121.483412,31.215284
121.483043,31.213625
121.483351,31.212947
121.482972,31.213760
121.472368,31.216129
121.452589,31.198498
121.449780,31.198901
121.450341,31.199265
121.449893,31.198704
121.446596,31.199496
121.444125,31.200550
121.444546,31.198554
121.443337,31.195994
121.441551,31.195476
121.441313,31.196728
121.439495,31.196225
121.435172,31.195473
121.435495,31.194790
121.430843,31.191647
121.430315,31.191343
121.429290,31.190984
121.428951,31.190353
121.429214,31.190603
121.429152,31.190646
121.428432,31.190708
121.427090,31.188762
121.424998,31.188927
121.423347,31.188463
121.423375,31.188980
121.422713,31.187205
121.424282,31.181403
121.424707,31.179227
121.424121,31.180212
121.423766,31.180373
121.424140,31.179993
121.425346,31.182955
121.424519,31.182907
121.422313,31.180197
121.419005,31.179769
121.416667,31.177498
121.415573,31.176310
121.416567,31.176858
121.416042,31.175399
121.414947,31.175092
121.415471,31.174702
121.415424,31.175010
121.415436,31.174656
121.415899,31.174551
121.415921,31.179765
121.413875,31.205191
121.409477,31.203707
121.411488,31.204087
121.411068,31.204196
121.411201,31.202821
121.410166,31.203566
121.409836,31.204542
121.410690,31.203895
121.412973,31.205388
121.408322,31.203943
121.407476,31.204884
121.407074,31.204921
121.405825,31.204050
121.407158,31.205707
121.409234,31.205850
121.411889,31.204512
121.411498,31.206341
121.409961,31.204081
121.412969,31.205310
121.412186,31.206405
121.412747,31.206368
121.414338,31.206262
121.413501,31.205169
121.414390,31.205411
121.414090,31.206330
121.411385,31.204964
121.412602,31.205434
121.412798,31.206850
121.413178,31.206558
121.414061,31.206914
121.414543,31.207408
121.415690,31.207908
121.416341,31.207566
121.417445,31.209038
121.424722,31.210648
121.423500,31.210695
121.422975,31.210973
121.422446,31.210338
121.422930,31.210093
121.422615,31.209598
121.422942,31.210524
121.425451,31.211956
121.424838,31.212271
121.424744,31.211347
121.425104,31.211053
121.426794,31.213453
121.423105,31.210255
121.424129,31.210564
121.423826,31.213294
121.424666,31.213078
121.425179,31.214271
121.428332,31.213808
121.430669,31.213096
121.430674,31.213501
121.432392,31.214167
121.434015,31.216912
121.436536,31.218232
121.434508,31.215347
121.438311,31.217932
121.436562,31.216368
121.440441,31.218099
121.440374,31.217502
121.440321,31.217549
121.440527,31.217493
121.440723,31.218121
121.436817,31.214975
121.440837,31.215728
121.441342,31.215709
121.440154,31.215701
121.440393,31.216169
121.441630,31.216579
121.441007,31.216100
121.443009,31.216471
121.443454,31.216868
121.443882,31.216251
121.443709,31.217386
121.441070,31.218678
121.441621,31.219064
121.441451,31.219036
121.441454,31.220601
121.440537,31.219806
121.440666,31.219992
121.441946,31.220768
121.442570,31.219911
121.443304,31.220245
121.443960,31.220599
121.444716,31.219917
121.444919,31.220489
121.444734,31.221761
121.444555,31.221654
121.444225,31.221411
121.444016,31.221548
121.443828,31.221157
121.444460,31.221321
121.444479,31.221129
121.445406,31.221679
121.447880,31.224488
121.449521,31.224986
121.448560,31.224917
121.448132,31.221434
121.449481,31.222590
121.450173,31.224134
121.451031,31.223265
121.450633,31.222768
121.450764,31.222617
121.450346,31.223093
121.449818,31.223157
121.448668,31.223266
121.447777,31.223215
121.452097,31.226041
121.451971,31.228874
121.450383,31.229668
121.449919,31.229742
121.446967,31.230525
121.445516,31.231619
121.445521,31.230923
121.446066,31.231277
121.446296,31.231348
121.445337,31.232063
121.448514,31.231832
121.450334,31.231822
121.451491,31.232153
121.449595,31.232157
121.449287,31.232165
121.449857,31.232154
121.449451,31.232513
121.449738,31.232526
121.450177,31.232301
121.448898,31.232292
121.450535,31.231901
121.450718,31.231896
121.450744,31.231898
121.449724,31.231152
121.445922,31.231952
121.446187,31.230660
121.443914,31.231046
121.438574,31.230909
121.433623,31.231254
121.434096,31.231670
121.434628,31.231575
121.436205,31.230356
121.437241,31.227645
121.436904,31.227624
121.435912,31.226859
121.436139,31.228294
121.436895,31.227822
121.435732,31.228190
121.436452,31.228594
121.439184,31.224746
121.439667,31.222784
121.439046,31.222270
121.434750,31.221844
121.434080,31.220612
121.433994,31.221472
121.433504,31.222263
121.434054,31.222236
121.433745,31.222509
121.433624,31.221605
121.434181,31.220767
121.433608,31.216826
121.436944,31.218561
121.435304,31.218115
121.435351,31.218371
121.437265,31.218159
121.436078,31.218110
121.435478,31.217961
121.433640,31.215160
121.435602,31.217972
121.436711,31.217937
121.433833,31.215906
121.433991,31.216807
121.435867,31.220198
121.435137,31.216749
121.435136,31.217563
121.436337,31.216699
121.436514,31.216816
121.436512,31.216624
121.436045,31.216615
121.434731,31.216191
121.434051,31.216417
121.435104,31.217600
121.435174,31.216483
121.434431,31.215613
121.435358,31.216418
121.433081,31.215145
121.433363,31.214692
121.434714,31.215638
121.435756,31.215039
121.435425,31.214356
121.435536,31.216368
121.435272,31.217279
121.437086,31.216909
121.435705,31.217195
121.434505,31.213140
121.436841,31.215773
121.437485,31.215289
121.439050,31.215363
121.437122,31.212789
121.439088,31.213976
121.437103,31.201317
121.435373,31.202564
121.438336,31.201364
121.438212,31.201683
121.435094,31.202784
121.435163,31.202466
121.435133,31.202594
121.435245,31.202786
121.437379,31.201868
121.435817,31.202381
121.434900,31.202275
121.435306,31.202457
121.435508,31.202164
121.435512,31.202555
121.437460,31.201888
121.437932,31.201495
121.435275,31.202758
121.438414,31.201861
121.436249,31.201283
121.436338,31.201911
121.436518,31.201743
121.437223,31.201289
121.438303,31.201685
121.437708,31.201222
121.437024,31.201487
121.437663,31.201491
121.436853,31.201133
121.436821,31.201340
121.436221,31.201551
121.436102,31.200499
121.437046,31.199602
121.437030,31.197342
121.435372,31.197645
121.437160,31.196029
121.439105,31.194030
121.437053,31.194269
121.435950,31.194725
121.436890,31.194783
121.429734,31.190958
121.429697,31.191249
121.429464,31.191220
121.430872,31.191589
121.429684,31.190807
121.429562,31.191424
121.431198,31.191676
121.430399,31.191241
121.429036,31.191355
121.431144,31.191868
121.430953,31.191230
121.429129,31.190418
121.428211,31.190589
121.429672,31.191104
121.429249,31.190891
121.428479,31.190554
121.428324,31.189314
121.424937,31.189846
121.423503,31.188345
121.423574,31.187929
121.423912,31.188472
121.423657,31.189348
121.423500,31.188643
121.423281,31.188860
121.423226,31.187114
121.424585,31.182582
121.423374,31.180598
121.418266,31.182668
121.417438,31.176976
121.415517,31.176929
121.415822,31.175696
121.416268,31.174965
121.415892,31.174905
121.415528,31.174670
121.414942,31.175693
121.409785,31.177270
121.407089,31.177049
121.407569,31.176500
121.407155,31.177079
121.407306,31.176425
121.407246,31.176519
121.408251,31.177183
121.406775,31.176869
121.407022,31.176534
121.407619,31.176223
121.407284,31.176810
121.407180,31.176374
121.406823,31.176468
121.407484,31.176375
121.407786,31.176333
121.407653,31.177213
121.409785,31.178663
121.407490,31.178335
121.408554,31.177869
121.406456,31.174310
121.405554,31.173708
121.405893,31.173954
121.409209,31.175953
121.410081,31.178753
121.410803,31.177072
121.411192,31.177761
121.411042,31.177852
121.410101,31.177708
121.409135,31.178469
121.410453,31.178451
121.410675,31.178110
121.409886,31.178273
121.410284,31.177811
121.410070,31.177764
121.410652,31.179596
121.414965,31.182685
121.415732,31.182438
121.416301,31.181867
121.416383,31.181807
121.415854,31.182353
121.417215,31.182113
121.424105,31.192454
121.415761,31.181861
121.416751,31.182167
121.416899,31.182213
121.417432,31.182851
121.423503,31.182046
121.423887,31.180626
121.424027,31.179749
121.423870,31.179789
121.423946,31.179841
121.424770,31.181504
121.423932,31.181209
121.423924,31.182065
121.424376,31.183968
121.424237,31.184354
121.424044,31.183963
121.423675,31.183907
121.424435,31.184143
121.425075,31.184016
121.424564,31.183900
121.424713,31.183993
121.424754,31.183630
121.424387,31.184340
121.424360,31.184159
121.425251,31.185744
121.428610,31.189887
121.429872,31.191122
121.429358,31.191148
121.428922,31.190683
121.429249,31.190021
121.428892,31.188705
121.428490,31.188684
121.428202,31.190423
121.428011,31.189954
121.427659,31.190226
121.429537,31.190729
121.428700,31.190196
121.428085,31.190004
121.427880,31.190519
121.428664,31.190793
121.428135,31.190192
121.428306,31.189826
121.428228,31.190127
121.429910,31.190878
121.429832,31.190605
121.428593,31.190020
121.427978,31.190505
121.428152,31.190451
121.428714,31.190747
121.429670,31.191844
121.431188,31.191817
121.431505,31.191283
121.429529,31.190257
121.428614,31.190298
121.428733,31.190258
121.429089,31.190290
121.429659,31.190813
121.430696,31.191616
121.430911,31.192266
121.430422,31.191865
121.430174,31.191501
121.437642,31.198407
121.437712,31.197083
121.437170,31.196132
121.437761,31.194555
121.439374,31.193650
121.440679,31.193274
121.443403,31.195526
121.445787,31.197022
121.445626,31.197580
121.445591,31.198256
121.446413,31.198301
121.447633,31.198334
121.449512,31.199311
121.450927,31.199666
121.450840,31.198432
121.449739,31.198384
121.449973,31.198732
121.450568,31.199507
121.452914,31.199170
121.453263,31.194044
121.452426,31.193712
121.452762,31.193442
121.452623,31.193458
121.452951,31.194181
121.453336,31.194174
121.453358,31.193985
121.452769,31.193507
121.452691,31.193329
121.452907,31.193630
121.452259,31.194485
121.452346,31.194905
121.452231,31.194332
121.452732,31.194277
121.453393,31.194246
121.453441,31.194367
121.453255,31.194070
121.452640,31.193646
121.453105,31.194512
121.454054,31.192361
121.454016,31.192198
121.453543,31.192181
121.453936,31.192701
121.454181,31.192563
121.453998,31.192978
121.454742,31.192785
121.454644,31.192776
121.453971,31.192780
121.454559,31.192694
121.454355,31.192700
121.454083,31.192314
121.454003,31.192204
121.453888,31.192182
121.453924,31.192722
121.454222,31.192472
121.454187,31.192660
121.453903,31.192244
121.453720,31.192650
121.453521,31.192328
121.454102,31.192430
121.453943,31.192101
121.453717,31.192744
121.454044,31.193083
121.454154,31.192628
121.454262,31.192439
121.452853,31.190267
121.452193,31.188949
121.452174,31.189182
121.452681,31.188922
121.452597,31.188628
121.451800,31.189766
121.451654,31.190101
121.451896,31.189484
121.451797,31.189866
121.451692,31.190004
121.452023,31.189569
121.451649,31.189582
121.452645,31.188900
121.452242,31.189501
121.452429,31.188972
121.452441,31.188026
121.451111,31.187120
121.451391,31.187086
121.451004,31.188148
121.453665,31.195370
121.451861,31.194161
121.445039,31.185345
121.442483,31.185610
121.442683,31.186346
121.442848,31.185663
121.442729,31.185385
121.443778,31.185592
121.443747,31.185615
121.443839,31.186476
121.444553,31.185046
121.444473,31.184162
121.444101,31.184878
121.444502,31.181968
121.445093,31.185032
121.443962,31.186062
121.443791,31.186551
121.438945,31.185962
121.435668,31.186813
121.435664,31.187421
121.436561,31.186458
121.436397,31.186258
121.436631,31.188166
121.436670,31.188047
121.438240,31.187759
121.440702,31.183006
121.439036,31.187011
121.435840,31.186968
121.435603,31.187290
121.435871,31.186989
121.436590,31.187350
121.436222,31.186889
121.436195,31.187128
121.439294,31.188024
121.443554,31.184704
121.444760,31.184441
121.444044,31.187712
121.445769,31.187852
121.446078,31.186191
121.446437,31.186482
121.447200,31.187066
121.452129,31.196367
121.453033,31.194406
121.452231,31.188512
121.452365,31.189576
121.452845,31.189483
121.455824,31.193843
121.453699,31.190189
121.452738,31.190728
121.453262,31.190550
121.456610,31.190913
121.455292,31.191399
121.456002,31.192292
121.456009,31.193599
121.457080,31.193712
121.457403,31.193394
121.456671,31.193729
121.457400,31.194813
121.473109,31.201739
121.470758,31.203824
121.471407,31.202895
121.474949,31.200295
121.476152,31.201824
121.477273,31.198390
121.477162,31.200921
121.481744,31.200012
121.481050,31.201220
121.476455,31.202466
121.476238,31.202401
121.475709,31.203334
121.477190,31.201863
121.477430,31.202288
121.479108,31.202097
121.479342,31.201690
121.481127,31.199833
121.487661,31.198875
121.481662,31.199504
121.481657,31.199403
121.481353,31.199982
121.481726,31.201335
121.483027,31.202630
121.505357,31.213955
121.509003,31.211940
121.508179,31.212483
121.509872,31.213453
121.507218,31.219215
121.505353,31.223960
121.503566,31.224057
121.502901,31.224706
121.504445,31.224650
121.502573,31.226434
121.502933,31.226099
121.502172,31.230833
121.497801,31.233793
121.481848,31.230061
121.481895,31.228903
121.482759,31.229113
121.482966,31.229091
121.482767,31.229953
121.482673,31.229527
121.482308,31.227920
121.482265,31.229328
121.483458,31.229048
121.483796,31.228700
121.483614,31.228566
121.481087,31.228584
121.479623,31.227809
121.478460,31.227515
121.473648,31.224071
121.471090,31.221400
121.470992,31.221877
121.470918,31.222275
121.470000,31.223236
121.466781,31.224527
121.467654,31.225869
121.465213,31.225092
121.466002,31.225241
121.467982,31.225775
121.468176,31.226052
121.468151,31.225960
121.468418,31.226203
121.465998,31.227344
121.455633,31.225498
121.453813,31.224778
121.453786,31.224720
121.453837,31.224861
121.452886,31.225324
121.452665,31.224988
121.453615,31.225624
121.452503,31.225528
121.452527,31.225080
121.453688,31.225044
121.451749,31.224900
121.452694,31.224913
121.453266,31.224954
121.453081,31.224925
121.452408,31.225010
121.453225,31.225027
121.453007,31.225018
121.452251,31.224516
121.452847,31.224809
121.451593,31.225226
121.452399,31.224822
121.452300,31.224576
121.453144,31.224875
121.451271,31.223561
121.443173,31.222017
121.440509,31.222917
121.440201,31.220514
121.440785,31.220751
121.441370,31.220661
121.440271,31.220169
121.441155,31.220758
121.440565,31.221306
121.440039,31.220454
121.440610,31.220755
121.442091,31.218439
121.432878,31.215140
121.426063,31.212603
121.425023,31.214539
121.424773,31.216046
121.424791,31.212742
121.425686,31.214900
121.426896,31.215810
121.426188,31.215045
121.425585,31.214917
121.427226,31.217596
121.425178,31.213276
121.428383,31.216465
121.426159,31.215461
121.425905,31.216111
121.425586,31.215621
121.424305,31.210491
121.415123,31.208028
121.417386,31.208924
121.417506,31.207538
121.416712,31.207716
121.414489,31.208422
121.419248,31.211029
121.418189,31.210304
121.419056,31.210904
121.417012,31.209879
121.415518,31.209455
121.421739,31.211559
121.413610,31.208270
121.413993,31.207479
121.413914,31.208308
121.414524,31.209432
121.414047,31.208621
121.412949,31.206364
121.411645,31.204762
121.411345,31.204448
121.410353,31.204186
121.409100,31.203873
121.410627,31.205468
121.411286,31.207770
121.410691,31.208304
121.409709,31.207566
121.412432,31.211766
121.411620,31.210200
121.413126,31.210507
121.412079,31.209975
121.409719,31.204709
121.412893,31.210180
121.412351,31.209219
121.408960,31.203895
121.408780,31.203596
121.414768,31.208684
121.412481,31.204881
121.416384,31.208767
121.415998,31.209053
