1	p_lon	0.083923
2	pred_lon	0.083694
3	n_lon	0.083208
4	longitude	0.082686
5	pred_lat	0.066663
6	latitude	0.061665
7	n_lat	0.061294
8	p_lat	0.059891
9	All-Neighbor LAC (Sorted)[1]	0.047063
10	LAC	0.043521
11	All-Neighbor LAC (Sorted)[2]	0.024250
12	3	0.017435
13	9	0.016568
14	All-Neighbor LAC (Sorted)[3]	0.015886
15	7	0.015384
16	All-Neighbor Cell Id (Sorted)[2]	0.013656
17	8	0.013154
18	13	0.012432
19	12	0.012381
20	11	0.011594
21	All-Neighbor Cell Id (Sorted)[1]	0.010980
22	All-Neighbor RxLev (dBm) (Sorted)[2]	0.009992
23	All-Neighbor LAC (Sorted)[4]	0.009326
24	CI	0.008928
25	0	0.007827
26	4	0.007704
27	All-Neighbor Cell Id (Sorted)[3]	0.007352
28	2	0.007075
29	1	0.006764
30	All-Neighbor RxLev (dBm) (Sorted)[3]	0.005664
31	All-Neighbor LAC (Sorted)[5]	0.005443
32	6	0.004286
33	n_timegap	0.003716
34	p_timegap	0.003666
35	5	0.003284
36	All-Neighbor Cell Id (Sorted)[4]	0.003059
37	10	0.003038
38	All-Neighbor RxLev (dBm) (Sorted)[4]	0.003021
39	All-Neighbor LAC (Sorted)[6]	0.002868
40	14	0.002754
41	n_dist	0.002119
42	n_angle	0.001850
43	p_dist	0.001830
44	All-Neighbor RxLev (dBm) (Sorted)[1]	0.001777
45	All-RxLev Full (dBm)	0.001771
46	All-RxLev Sub (dBm)	0.001764
47	All-Neighbor Cell Id (Sorted)[5]	0.001719
48	p_angle	0.001686
49	All-Neighbor RxLev (dBm) (Sorted)[5]	0.001553
50	p_speed	0.001224
51	n_speed	0.001210
52	All-Neighbor Cell Id (Sorted)[6]	0.001199
53	All-Neighbor RxLev (dBm) (Sorted)[6]	0.001022
54	784	0.000466
55	972	0.000444
56	859	0.000401
57	877	0.000392
58	132	0.000343
59	914	0.000292
60	920	0.000257
61	409	0.000254
62	1107	0.000253
63	785	0.000242
64	1314	0.000238
65	798	0.000237
66	27	0.000229
67	1792	0.000225
68	799	0.000225
69	131	0.000225
70	244	0.000217
71	129	0.000213
72	858	0.000204
73	953	0.000203
74	196	0.000189
75	804	0.000189
76	802	0.000189
77	225	0.000189
78	648	0.000189
79	1025	0.000184
80	550	0.000183
81	1501	0.000173
82	1066	0.000170
83	1369	0.000163
84	65	0.000158
85	918	0.000156
86	124	0.000155
87	803	0.000148
88	117	0.000146
89	114	0.000146
90	452	0.000139
91	826	0.000138
92	1171	0.000135
93	49	0.000134
94	489	0.000131
95	113	0.000129
96	1068	0.000124
97	1371	0.000118
98	921	0.000116
99	1670	0.000115
100	216	0.000111
101	18	0.000110
102	21	0.000110
103	1402	0.000108
104	1843	0.000108
105	2609	0.000107
106	175	0.000106
107	922	0.000105
108	538	0.000104
109	1109	0.000102
110	317	0.000102
111	20	0.000101
112	24	0.000100
113	788	0.000100
114	19	0.000099
115	35	0.000099
116	1229	0.000099
117	924	0.000099
118	801	0.000097
119	234	0.000097
120	1023	0.000096
121	548	0.000096
122	1421	0.000096
123	744	0.000094
124	83	0.000094
125	232	0.000089
126	212	0.000089
127	1334	0.000086
128	861	0.000085
129	467	0.000084
130	1024	0.000084
131	370	0.000083
132	1836	0.000082
133	1305	0.000080
134	1042	0.000080
135	379	0.000080
136	748	0.000080
137	1462	0.000079
138	135	0.000079
139	2344	0.000078
140	224	0.000078
141	797	0.000077
142	458	0.000077
143	954	0.000076
144	1016	0.000072
145	62	0.000071
146	220	0.000071
147	28	0.000071
148	227	0.000071
149	466	0.000070
150	418	0.000070
151	1352	0.000069
152	1833	0.000068
153	50	0.000068
154	535	0.000068
155	775	0.000067
156	127	0.000067
157	377	0.000067
158	361	0.000066
159	1618	0.000066
160	1163	0.000066
161	465	0.000065
162	61	0.000065
163	1790	0.000065
164	110	0.000065
165	1304	0.000065
166	417	0.000064
167	1356	0.000064
168	1633	0.000063
169	1316	0.000063
170	955	0.000062
171	739	0.000062
172	22	0.000062
173	1114	0.000062
174	1484	0.000062
175	1159	0.000062
176	891	0.000061
177	881	0.000061
178	607	0.000061
179	838	0.000061
180	383	0.000061
181	256	0.000060
182	1331	0.000058
183	164	0.000058
184	1000	0.000058
185	1048	0.000057
186	153	0.000056
187	116	0.000055
188	1156	0.000055
189	527	0.000055
190	528	0.000054
191	52	0.000054
192	729	0.000054
193	95	0.000054
194	378	0.000054
195	893	0.000054
196	197	0.000054
197	2304	0.000053
198	789	0.000053
199	396	0.000052
200	462	0.000052
201	60	0.000052
202	1226	0.000052
203	130	0.000052
204	2610	0.000051
205	82	0.000050
206	1732	0.000049
207	895	0.000049
208	628	0.000049
209	1363	0.000048
210	1407	0.000048
211	908	0.000048
212	25	0.000047
213	1394	0.000047
214	487	0.000047
215	267	0.000047
216	586	0.000047
217	79	0.000046
218	745	0.000046
219	1601	0.000046
220	832	0.000046
221	1386	0.000046
222	1143	0.000045
223	707	0.000045
224	575	0.000045
225	1330	0.000045
226	529	0.000045
227	1020	0.000045
228	1478	0.000045
229	247	0.000044
230	1049	0.000044
231	419	0.000044
232	642	0.000044
233	312	0.000044
234	1832	0.000044
235	319	0.000044
236	230	0.000044
237	782	0.000043
238	617	0.000043
239	399	0.000043
240	2854	0.000043
241	1011	0.000043
242	1629	0.000042
243	318	0.000042
244	957	0.000042
245	925	0.000042
246	623	0.000042
247	159	0.000042
248	660	0.000041
249	2286	0.000041
250	706	0.000041
251	2242	0.000041
252	118	0.000041
253	155	0.000041
254	554	0.000041
255	1130	0.000040
256	394	0.000040
257	585	0.000040
258	211	0.000039
259	2447	0.000039
260	1043	0.000039
261	738	0.000039
262	1497	0.000039
263	285	0.000038
264	195	0.000038
265	2085	0.000038
266	2592	0.000038
267	258	0.000038
268	1708	0.000038
269	1384	0.000037
270	1609	0.000037
271	1834	0.000037
272	1593	0.000037
273	876	0.000037
274	771	0.000037
275	59	0.000037
276	2584	0.000036
277	1166	0.000036
278	407	0.000036
279	2753	0.000036
280	911	0.000036
281	1835	0.000036
282	578	0.000036
283	111	0.000036
284	100	0.000035
285	133	0.000035
286	1111	0.000035
287	1007	0.000035
288	93	0.000035
289	2237	0.000035
290	109	0.000034
291	2355	0.000034
292	919	0.000034
293	1751	0.000034
294	215	0.000034
295	311	0.000034
296	16	0.000033
297	676	0.000033
298	764	0.000033
299	1495	0.000033
300	1351	0.000033
301	614	0.000033
302	524	0.000033
303	304	0.000033
304	568	0.000033
305	33	0.000032
306	2419	0.000032
307	148	0.000032
308	451	0.000032
309	176	0.000032
310	814	0.000032
311	1110	0.000032
312	1430	0.000032
313	1512	0.000032
314	1494	0.000032
315	774	0.000032
316	1467	0.000031
317	2037	0.000031
318	469	0.000031
319	523	0.000031
320	30	0.000031
321	534	0.000031
322	429	0.000031
323	542	0.000030
324	237	0.000030
325	766	0.000030
326	236	0.000030
327	2352	0.000030
328	1838	0.000030
329	422	0.000030
330	1243	0.000030
331	1050	0.000029
332	549	0.000029
333	790	0.000029
334	1308	0.000029
335	2441	0.000029
336	2436	0.000029
337	946	0.000029
338	624	0.000028
339	1479	0.000028
340	795	0.000028
341	406	0.000028
342	1383	0.000028
343	1516	0.000028
344	2514	0.000028
345	1147	0.000028
346	222	0.000028
347	23	0.000028
348	1154	0.000028
349	90	0.000028
350	1511	0.000028
351	556	0.000028
352	120	0.000027
353	246	0.000027
354	691	0.000027
355	506	0.000027
356	1128	0.000027
357	1428	0.000027
358	134	0.000027
359	762	0.000027
360	1010	0.000027
361	1448	0.000027
362	348	0.000027
363	119	0.000027
364	1476	0.000027
365	1823	0.000026
366	1262	0.000026
367	865	0.000026
368	1167	0.000026
369	138	0.000026
370	242	0.000026
371	276	0.000026
372	969	0.000025
373	1422	0.000025
374	1594	0.000025
375	156	0.000025
376	260	0.000025
377	1358	0.000025
378	1515	0.000025
379	1342	0.000025
380	1307	0.000025
381	892	0.000025
382	1562	0.000025
383	670	0.000025
384	400	0.000025
385	2053	0.000025
386	1030	0.000024
387	320	0.000024
388	996	0.000024
389	1202	0.000024
390	751	0.000024
391	249	0.000024
392	1581	0.000024
393	1041	0.000024
394	817	0.000024
395	928	0.000024
396	868	0.000024
397	1485	0.000024
398	261	0.000024
399	75	0.000024
400	1472	0.000024
401	1022	0.000024
402	973	0.000024
403	29	0.000023
404	848	0.000023
405	228	0.000023
406	1013	0.000023
407	1298	0.000023
408	333	0.000023
409	2323	0.000023
410	73	0.000023
411	80	0.000023
412	1492	0.000023
413	1795	0.000023
414	1372	0.000023
415	221	0.000023
416	1953	0.000022
417	213	0.000022
418	103	0.000022
419	975	0.000022
420	894	0.000022
421	210	0.000022
422	108	0.000022
423	183	0.000022
424	612	0.000022
425	824	0.000022
426	1554	0.000022
427	1882	0.000022
428	1791	0.000021
429	154	0.000021
430	432	0.000021
431	2127	0.000021
432	161	0.000021
433	1412	0.000021
434	2484	0.000021
435	347	0.000021
436	853	0.000021
437	977	0.000021
438	2011	0.000021
439	743	0.000021
440	461	0.000021
441	880	0.000021
442	1174	0.000021
443	206	0.000021
444	1295	0.000020
445	1269	0.000020
446	476	0.000020
447	324	0.000020
448	2135	0.000020
449	1186	0.000020
450	250	0.000020
451	1230	0.000020
452	805	0.000020
453	1553	0.000020
454	468	0.000020
455	772	0.000020
456	2413	0.000020
457	776	0.000020
458	1284	0.000020
459	630	0.000020
460	1233	0.000019
461	1642	0.000019
462	1353	0.000019
463	2206	0.000019
464	1061	0.000019
465	2539	0.000019
466	177	0.000019
467	1294	0.000019
468	2132	0.000019
469	350	0.000019
470	1754	0.000019
471	289	0.000019
472	2744	0.000019
473	927	0.000019
474	684	0.000019
475	397	0.000019
476	398	0.000019
477	149	0.000019
478	235	0.000018
479	689	0.000018
480	693	0.000018
481	2359	0.000018
482	352	0.000018
483	649	0.000018
484	829	0.000018
485	64	0.000018
486	1270	0.000018
487	1473	0.000018
488	3032	0.000018
489	2000	0.000018
490	793	0.000018
491	1140	0.000018
492	2160	0.000018
493	2527	0.000018
494	268	0.000018
495	270	0.000018
496	480	0.000018
497	1252	0.000018
498	666	0.000018
499	495	0.000018
500	2394	0.000018
501	239	0.000018
502	98	0.000018
503	1228	0.000017
504	555	0.000017
505	1623	0.000017
506	104	0.000017
507	965	0.000017
508	890	0.000017
509	145	0.000017
510	2139	0.000017
511	223	0.000017
512	896	0.000017
513	863	0.000017
514	2380	0.000017
515	1070	0.000017
516	238	0.000017
517	1523	0.000017
518	944	0.000017
519	2440	0.000017
520	2187	0.000017
521	1524	0.000017
522	1373	0.000017
523	513	0.000017
524	2965	0.000017
525	471	0.000017
526	140	0.000017
527	910	0.000017
528	886	0.000017
529	1865	0.000017
530	579	0.000017
531	440	0.000017
532	2042	0.000017
533	2412	0.000017
534	294	0.000017
535	2698	0.000017
536	562	0.000017
537	353	0.000016
538	1046	0.000016
539	830	0.000016
540	582	0.000016
541	454	0.000016
542	1600	0.000016
543	1803	0.000016
544	1362	0.000016
545	733	0.000016
546	150	0.000016
547	854	0.000016
548	833	0.000016
549	823	0.000016
550	287	0.000016
551	271	0.000016
552	243	0.000016
553	1297	0.000016
554	1239	0.000016
555	179	0.000016
556	2026	0.000016
557	1195	0.000016
558	481	0.000016
559	2070	0.000016
560	1350	0.000016
561	38	0.000016
562	1859	0.000016
563	1592	0.000016
564	1634	0.000016
565	382	0.000016
566	1227	0.000016
567	1949	0.000016
568	581	0.000015
569	1725	0.000015
570	536	0.000015
571	1881	0.000015
572	2204	0.000015
573	726	0.000015
574	335	0.000015
575	1329	0.000015
576	727	0.000015
577	1203	0.000015
578	1067	0.000015
579	126	0.000015
580	711	0.000015
581	1103	0.000015
582	791	0.000015
583	900	0.000015
584	796	0.000015
585	1036	0.000015
586	544	0.000015
587	819	0.000015
588	983	0.000015
589	777	0.000015
590	2289	0.000015
591	102	0.000015
592	1558	0.000014
593	845	0.000014
594	720	0.000014
595	408	0.000014
596	629	0.000014
597	712	0.000014
598	1019	0.000014
599	1250	0.000014
600	1994	0.000014
601	1589	0.000014
602	2282	0.000014
603	2795	0.000014
604	598	0.000014
605	308	0.000014
606	1014	0.000014
607	2208	0.000014
608	703	0.000014
609	497	0.000014
610	2587	0.000014
611	1644	0.000014
612	2343	0.000014
613	594	0.000014
614	17	0.000014
615	374	0.000014
616	1590	0.000014
617	1684	0.000014
618	2590	0.000014
619	273	0.000014
620	251	0.000014
621	518	0.000013
622	1240	0.000013
623	168	0.000013
624	1466	0.000013
625	1064	0.000013
626	961	0.000013
627	625	0.000013
628	1941	0.000013
629	2564	0.000013
630	428	0.000013
631	740	0.000013
632	855	0.000013
633	192	0.000013
634	543	0.000013
635	424	0.000013
636	214	0.000013
637	533	0.000013
638	903	0.000013
639	277	0.000013
640	381	0.000013
641	1798	0.000013
642	852	0.000013
643	2808	0.000013
644	274	0.000013
645	679	0.000013
646	758	0.000013
647	314	0.000013
648	557	0.000013
649	2268	0.000013
650	510	0.000013
651	851	0.000013
652	498	0.000013
653	143	0.000013
654	1026	0.000013
655	279	0.000013
656	1850	0.000013
657	1312	0.000013
658	229	0.000013
659	169	0.000013
660	654	0.000013
661	1259	0.000013
662	1287	0.000013
663	226	0.000013
664	1801	0.000013
665	1172	0.000013
666	1972	0.000013
667	1345	0.000013
668	1543	0.000013
669	576	0.000013
670	2593	0.000013
671	2333	0.000012
672	2176	0.000012
673	2225	0.000012
674	613	0.000012
675	872	0.000012
676	964	0.000012
677	386	0.000012
678	332	0.000012
679	1004	0.000012
680	218	0.000012
681	1505	0.000012
682	778	0.000012
683	342	0.000012
684	158	0.000012
685	1815	0.000012
686	2536	0.000012
687	2125	0.000012
688	1849	0.000012
689	1054	0.000012
690	1534	0.000012
691	1433	0.000012
692	735	0.000012
693	292	0.000012
694	81	0.000012
695	668	0.000012
696	686	0.000012
697	1526	0.000012
698	943	0.000012
699	1904	0.000012
700	1461	0.000012
701	1888	0.000012
702	1390	0.000012
703	1224	0.000012
704	694	0.000012
705	1056	0.000012
706	857	0.000012
707	1908	0.000012
708	759	0.000012
709	241	0.000012
710	866	0.000012
711	137	0.000012
712	414	0.000012
713	923	0.000012
714	174	0.000011
715	1175	0.000011
716	757	0.000011
717	420	0.000011
718	166	0.000011
719	345	0.000011
720	1450	0.000011
721	1775	0.000011
722	912	0.000011
723	810	0.000011
724	909	0.000011
725	1496	0.000011
726	2312	0.000011
727	664	0.000011
728	959	0.000011
729	717	0.000011
730	1890	0.000011
731	89	0.000011
732	128	0.000011
733	1465	0.000011
734	551	0.000011
735	457	0.000011
736	1503	0.000011
737	490	0.000011
738	1160	0.000011
739	1548	0.000011
740	1155	0.000011
741	635	0.000011
742	1616	0.000011
743	627	0.000011
744	750	0.000011
745	2234	0.000011
746	2354	0.000011
747	561	0.000011
748	609	0.000011
749	822	0.000011
750	1395	0.000011
751	1389	0.000011
752	180	0.000011
753	336	0.000011
754	2283	0.000011
755	2709	0.000011
756	2158	0.000011
757	692	0.000011
758	632	0.000011
759	2619	0.000011
760	1566	0.000011
761	412	0.000011
762	1993	0.000011
763	71	0.000011
764	1201	0.000011
765	800	0.000011
766	1602	0.000011
767	1319	0.000010
768	1806	0.000010
769	1707	0.000010
770	453	0.000010
771	985	0.000010
772	66	0.000010
773	208	0.000010
774	2077	0.000010
775	433	0.000010
776	281	0.000010
777	883	0.000010
778	618	0.000010
779	1475	0.000010
780	36	0.000010
781	2470	0.000010
782	1060	0.000010
783	233	0.000010
784	583	0.000010
785	2006	0.000010
786	391	0.000010
787	202	0.000010
788	2164	0.000010
789	1509	0.000010
790	655	0.000010
791	385	0.000010
792	930	0.000010
793	1337	0.000010
794	15	0.000010
795	3000	0.000010
796	1847	0.000010
797	2526	0.000010
798	1624	0.000010
799	92	0.000010
800	763	0.000010
801	674	0.000010
802	2856	0.000010
803	1285	0.000010
804	1587	0.000010
805	401	0.000010
806	2356	0.000010
807	1597	0.000010
808	1053	0.000010
809	1651	0.000010
810	1347	0.000010
811	1102	0.000010
812	860	0.000010
813	349	0.000010
814	1702	0.000010
815	189	0.000010
816	1403	0.000010
817	1052	0.000010
818	1366	0.000010
819	313	0.000010
820	731	0.000010
821	571	0.000010
822	2528	0.000010
823	252	0.000010
824	1703	0.000010
825	297	0.000010
826	269	0.000010
827	2477	0.000010
828	207	0.000010
829	388	0.000010
830	620	0.000010
831	84	0.000010
832	1276	0.000010
833	1878	0.000010
834	1288	0.000010
835	1338	0.000009
836	404	0.000009
837	2844	0.000009
838	749	0.000009
839	1242	0.000009
840	1399	0.000009
841	1184	0.000009
842	1193	0.000009
843	1180	0.000009
844	1078	0.000009
845	1957	0.000009
846	72	0.000009
847	610	0.000009
848	2311	0.000009
849	1866	0.000009
850	1438	0.000009
851	1734	0.000009
852	1349	0.000009
853	1559	0.000009
854	416	0.000009
855	2275	0.000009
856	245	0.000009
857	2295	0.000009
858	1214	0.000009
859	1286	0.000009
860	112	0.000009
861	253	0.000009
862	1560	0.000009
863	1247	0.000009
864	1040	0.000009
865	2034	0.000009
866	1679	0.000009
867	573	0.000009
868	1619	0.000009
869	948	0.000009
870	1028	0.000009
871	584	0.000009
872	2071	0.000009
873	1426	0.000009
874	376	0.000009
875	546	0.000009
876	675	0.000009
877	1256	0.000009
878	604	0.000009
879	1231	0.000009
880	1360	0.000009
881	1108	0.000009
882	1435	0.000009
883	48	0.000009
884	415	0.000009
885	1274	0.000009
886	813	0.000009
887	637	0.000009
888	1704	0.000009
889	907	0.000009
890	1705	0.000009
891	2870	0.000009
892	2448	0.000009
893	690	0.000009
894	410	0.000009
895	178	0.000008
896	37	0.000008
897	1735	0.000008
898	1367	0.000008
899	460	0.000008
900	1966	0.000008
901	390	0.000008
902	1401	0.000008
903	672	0.000008
904	2269	0.000008
905	669	0.000008
906	1595	0.000008
907	85	0.000008
908	1880	0.000008
909	1721	0.000008
910	1044	0.000008
911	503	0.000008
912	1032	0.000008
913	917	0.000008
914	747	0.000008
915	182	0.000008
916	494	0.000008
917	827	0.000008
918	356	0.000008
919	286	0.000008
920	834	0.000008
921	1804	0.000008
922	1364	0.000008
923	1831	0.000008
924	371	0.000008
925	1579	0.000008
926	1190	0.000008
927	942	0.000008
928	171	0.000008
929	1260	0.000008
930	436	0.000008
931	1346	0.000008
932	818	0.000008
933	951	0.000008
934	323	0.000008
935	387	0.000008
936	1315	0.000008
937	862	0.000008
938	2682	0.000008
939	1452	0.000008
940	760	0.000008
941	157	0.000008
942	1045	0.000008
943	87	0.000008
944	393	0.000008
945	710	0.000008
946	302	0.000008
947	1071	0.000008
948	643	0.000008
949	2041	0.000008
950	1077	0.000008
951	939	0.000008
952	278	0.000008
953	887	0.000008
954	715	0.000008
955	2062	0.000008
956	1513	0.000008
957	1380	0.000008
958	2957	0.000008
959	792	0.000008
960	934	0.000008
961	1062	0.000008
962	1144	0.000008
963	2393	0.000008
964	403	0.000008
965	1283	0.000008
966	1547	0.000008
967	107	0.000008
968	2390	0.000008
969	1646	0.000008
970	217	0.000008
971	329	0.000008
972	517	0.000008
973	1527	0.000008
974	472	0.000008
975	170	0.000007
976	663	0.000007
977	275	0.000007
978	514	0.000007
979	1075	0.000007
980	437	0.000007
981	1397	0.000007
982	219	0.000007
983	2144	0.000007
984	2249	0.000007
985	1937	0.000007
986	1640	0.000007
987	898	0.000007
988	501	0.000007
989	541	0.000007
990	2073	0.000007
991	187	0.000007
992	2083	0.000007
993	722	0.000007
994	971	0.000007
995	1122	0.000007
996	41	0.000007
997	572	0.000007
998	2687	0.000007
999	1713	0.000007
1000	1688	0.000007
1001	505	0.000007
1002	1643	0.000007
1003	263	0.000007
1004	373	0.000007
1005	2056	0.000007
1006	2778	0.000007
1007	1306	0.000007
1008	188	0.000007
1009	1690	0.000007
1010	522	0.000007
1011	1001	0.000007
1012	1463	0.000007
1013	121	0.000007
1014	63	0.000007
1015	783	0.000007
1016	1165	0.000007
1017	931	0.000007
1018	842	0.000007
1019	3003	0.000007
1020	1535	0.000007
1021	1417	0.000007
1022	1149	0.000007
1023	201	0.000007
1024	144	0.000007
1025	2031	0.000007
1026	1753	0.000007
1027	507	0.000007
1028	2040	0.000007
1029	78	0.000007
1030	1404	0.000007
1031	2585	0.000007
1032	205	0.000007
1033	1907	0.000007
1034	1689	0.000007
1035	812	0.000007
1036	473	0.000007
1037	77	0.000007
1038	2081	0.000007
1039	2137	0.000007
1040	1845	0.000007
1041	343	0.000007
1042	2488	0.000007
1043	1116	0.000007
1044	254	0.000006
1045	963	0.000006
1046	537	0.000006
1047	1021	0.000006
1048	602	0.000006
1049	665	0.000006
1050	2272	0.000006
1051	1779	0.000006
1052	1603	0.000006
1053	1635	0.000006
1054	1237	0.000006
1055	1810	0.000006
1056	678	0.000006
1057	2794	0.000006
1058	511	0.000006
1059	326	0.000006
1060	1408	0.000006
1061	301	0.000006
1062	1029	0.000006
1063	1931	0.000006
1064	67	0.000006
1065	2645	0.000006
1066	780	0.000006
1067	1927	0.000006
1068	2494	0.000006
1069	2546	0.000006
1070	1615	0.000006
1071	316	0.000006
1072	1443	0.000006
1073	1606	0.000006
1074	702	0.000006
1075	657	0.000006
1076	485	0.000006
1077	434	0.000006
1078	1132	0.000006
1079	634	0.000006
1080	2238	0.000006
1081	1141	0.000006
1082	932	0.000006
1083	2211	0.000006
1084	652	0.000006
1085	825	0.000006
1086	1916	0.000006
1087	1917	0.000006
1088	1778	0.000006
1089	1962	0.000006
1090	1234	0.000006
1091	430	0.000006
1092	1161	0.000006
1093	184	0.000006
1094	392	0.000006
1095	1504	0.000006
1096	915	0.000006
1097	1555	0.000006
1098	2105	0.000006
1099	714	0.000006
1100	257	0.000006
1101	431	0.000006
1102	32	0.000006
1103	384	0.000006
1104	298	0.000006
1105	115	0.000006
1106	3217	0.000006
1107	1134	0.000006
1108	1947	0.000006
1109	2009	0.000006
1110	2423	0.000006
1111	1222	0.000006
1112	266	0.000006
1113	3087	0.000006
1114	1191	0.000006
1115	1677	0.000006
1116	1975	0.000006
1117	875	0.000006
1118	1258	0.000006
1119	2353	0.000006
1120	1454	0.000006
1121	1477	0.000006
1122	1636	0.000006
1123	1051	0.000006
1124	1034	0.000006
1125	1196	0.000006
1126	2550	0.000006
1127	1419	0.000006
1128	1378	0.000006
1129	264	0.000006
1130	477	0.000006
1131	615	0.000006
1132	2059	0.000006
1133	2198	0.000006
1134	1158	0.000006
1135	849	0.000006
1136	1018	0.000006
1137	1517	0.000006
1138	86	0.000006
1139	2781	0.000006
1140	650	0.000006
1141	2216	0.000006
1142	1522	0.000006
1143	1729	0.000006
1144	1564	0.000006
1145	2540	0.000006
1146	997	0.000006
1147	1862	0.000006
1148	2322	0.000006
1149	839	0.000006
1150	331	0.000006
1151	441	0.000006
1152	699	0.000006
1153	2515	0.000006
1154	1311	0.000006
1155	786	0.000006
1156	1410	0.000006
1157	1275	0.000006
1158	193	0.000006
1159	656	0.000005
1160	76	0.000005
1161	1992	0.000005
1162	976	0.000005
1163	1444	0.000005
1164	2008	0.000005
1165	773	0.000005
1166	1528	0.000005
1167	577	0.000005
1168	46	0.000005
1169	2508	0.000005
1170	1413	0.000005
1171	1038	0.000005
1172	450	0.000005
1173	767	0.000005
1174	1570	0.000005
1175	1660	0.000005
1176	1236	0.000005
1177	2276	0.000005
1178	1622	0.000005
1179	493	0.000005
1180	1241	0.000005
1181	2002	0.000005
1182	1723	0.000005
1183	1094	0.000005
1184	3135	0.000005
1185	2513	0.000005
1186	1811	0.000005
1187	2063	0.000005
1188	1099	0.000005
1189	305	0.000005
1190	2871	0.000005
1191	191	0.000005
1192	1672	0.000005
1193	901	0.000005
1194	1544	0.000005
1195	1825	0.000005
1196	2003	0.000005
1197	1365	0.000005
1198	698	0.000005
1199	1576	0.000005
1200	1809	0.000005
1201	479	0.000005
1202	1490	0.000005
1203	283	0.000005
1204	372	0.000005
1205	1666	0.000005
1206	2123	0.000005
1207	1557	0.000005
1208	2518	0.000005
1209	968	0.000005
1210	1335	0.000005
1211	1188	0.000005
1212	621	0.000005
1213	1909	0.000005
1214	1762	0.000005
1215	209	0.000005
1216	1536	0.000005
1217	2136	0.000005
1218	605	0.000005
1219	2270	0.000005
1220	1100	0.000005
1221	815	0.000005
1222	563	0.000005
1223	807	0.000005
1224	1960	0.000005
1225	1493	0.000005
1226	2131	0.000005
1227	1924	0.000005
1228	1377	0.000005
1229	2561	0.000005
1230	421	0.000005
1231	1905	0.000005
1232	2096	0.000005
1233	1332	0.000005
1234	769	0.000005
1235	322	0.000005
1236	1613	0.000005
1237	1923	0.000005
1238	1151	0.000005
1239	1771	0.000005
1240	2821	0.000005
1241	2710	0.000005
1242	730	0.000005
1243	781	0.000005
1244	2758	0.000005
1245	357	0.000005
1246	2326	0.000005
1247	51	0.000005
1248	869	0.000005
1249	1627	0.000005
1250	1225	0.000005
1251	1012	0.000005
1252	1853	0.000005
1253	1664	0.000005
1254	194	0.000005
1255	741	0.000005
1256	2038	0.000005
1257	3059	0.000005
1258	1098	0.000005
1259	2346	0.000005
1260	2614	0.000005
1261	2141	0.000005
1262	438	0.000005
1263	1359	0.000005
1264	2520	0.000005
1265	787	0.000005
1266	1169	0.000005
1267	2223	0.000005
1268	1437	0.000005
1269	1125	0.000005
1270	2607	0.000005
1271	203	0.000005
1272	2469	0.000005
1273	552	0.000005
1274	580	0.000005
1275	984	0.000005
1276	2143	0.000005
1277	2881	0.000005
1278	152	0.000005
1279	2065	0.000005
1280	713	0.000005
1281	1221	0.000005
1282	167	0.000005
1283	2922	0.000005
1284	673	0.000004
1285	455	0.000004
1286	1999	0.000004
1287	724	0.000004
1288	1864	0.000004
1289	2057	0.000004
1290	435	0.000004
1291	2408	0.000004
1292	1325	0.000004
1293	31	0.000004
1294	1192	0.000004
1295	1388	0.000004
1296	867	0.000004
1297	2290	0.000004
1298	1460	0.000004
1299	840	0.000004
1300	1620	0.000004
1301	3184	0.000004
1302	1142	0.000004
1303	1006	0.000004
1304	2191	0.000004
1305	1755	0.000004
1306	1374	0.000004
1307	2628	0.000004
1308	1669	0.000004
1309	309	0.000004
1310	478	0.000004
1311	199	0.000004
1312	1750	0.000004
1313	2410	0.000004
1314	2156	0.000004
1315	574	0.000004
1316	1879	0.000004
1317	1714	0.000004
1318	447	0.000004
1319	1261	0.000004
1320	633	0.000004
1321	334	0.000004
1322	186	0.000004
1323	1788	0.000004
1324	1896	0.000004
1325	395	0.000004
1326	1807	0.000004
1327	2478	0.000004
1328	1870	0.000004
1329	519	0.000004
1330	1610	0.000004
1331	1986	0.000004
1332	1146	0.000004
1333	198	0.000004
1334	181	0.000004
1335	303	0.000004
1336	1423	0.000004
1337	820	0.000004
1338	1302	0.000004
1339	474	0.000004
1340	375	0.000004
1341	947	0.000004
1342	569	0.000004
1343	1987	0.000004
1344	1355	0.000004
1345	1757	0.000004
1346	470	0.000004
1347	1531	0.000004
1348	2993	0.000004
1349	1552	0.000004
1350	765	0.000004
1351	1469	0.000004
1352	2090	0.000004
1353	1289	0.000004
1354	2894	0.000004
1355	57	0.000004
1356	2357	0.000004
1357	56	0.000004
1358	1955	0.000004
1359	831	0.000004
1360	981	0.000004
1361	2553	0.000004
1362	389	0.000004
1363	1876	0.000004
1364	2172	0.000004
1365	1379	0.000004
1366	2724	0.000004
1367	1694	0.000004
1368	1715	0.000004
1369	2021	0.000004
1370	1686	0.000004
1371	705	0.000004
1372	1035	0.000004
1373	709	0.000004
1374	2162	0.000004
1375	1489	0.000004
1376	936	0.000004
1377	1682	0.000004
1378	402	0.000004
1379	1963	0.000004
1380	411	0.000004
1381	307	0.000004
1382	1722	0.000004
1383	2674	0.000004
1384	2373	0.000004
1385	295	0.000004
1386	828	0.000004
1387	1106	0.000004
1388	2358	0.000004
1389	280	0.000004
1390	695	0.000004
1391	1540	0.000004
1392	2025	0.000004
1393	987	0.000004
1394	2712	0.000004
1395	2834	0.000004
1396	516	0.000004
1397	444	0.000004
1398	2917	0.000004
1399	2696	0.000004
1400	2891	0.000004
1401	2165	0.000004
1402	2106	0.000004
1403	2256	0.000004
1404	1572	0.000004
1405	463	0.000004
1406	2489	0.000004
1407	1096	0.000004
1408	671	0.000004
1409	1929	0.000004
1410	1429	0.000004
1411	1095	0.000004
1412	58	0.000004
1413	2243	0.000004
1414	2814	0.000004
1415	2395	0.000004
1416	1301	0.000004
1417	1271	0.000004
1418	1530	0.000004
1419	1164	0.000004
1420	1083	0.000004
1421	74	0.000004
1422	1951	0.000004
1423	1213	0.000004
1424	2556	0.000004
1425	1453	0.000004
1426	966	0.000004
1427	2209	0.000004
1428	560	0.000004
1429	1533	0.000004
1430	2937	0.000004
1431	870	0.000004
1432	677	0.000004
1433	1776	0.000004
1434	990	0.000004
1435	688	0.000004
1436	2438	0.000004
1437	1232	0.000004
1438	151	0.000004
1439	512	0.000004
1440	1525	0.000004
1441	1254	0.000004
1442	70	0.000004
1443	2567	0.000004
1444	1204	0.000004
1445	2485	0.000004
1446	2060	0.000004
1447	1101	0.000004
1448	368	0.000004
1449	2195	0.000004
1450	685	0.000004
1451	2673	0.000004
1452	1069	0.000004
1453	2241	0.000004
1454	341	0.000004
1455	1970	0.000004
1456	1625	0.000004
1457	1588	0.000004
1458	667	0.000004
1459	1333	0.000004
1460	2088	0.000003
1461	1944	0.000003
1462	1264	0.000003
1463	2161	0.000003
1464	2404	0.000003
1465	2898	0.000003
1466	2779	0.000003
1467	1538	0.000003
1468	746	0.000003
1469	1047	0.000003
1470	2121	0.000003
1471	1341	0.000003
1472	1800	0.000003
1473	2079	0.000003
1474	1971	0.000003
1475	1760	0.000003
1476	1133	0.000003
1477	1990	0.000003
1478	1717	0.000003
1479	1033	0.000003
1480	1930	0.000003
1481	1447	0.000003
1482	1079	0.000003
1483	2368	0.000003
1484	2923	0.000003
1485	1235	0.000003
1486	1617	0.000003
1487	2265	0.000003
1488	1851	0.000003
1489	1185	0.000003
1490	2516	0.000003
1491	808	0.000003
1492	2606	0.000003
1493	737	0.000003
1494	2453	0.000003
1495	2232	0.000003
1496	2274	0.000003
1497	2120	0.000003
1498	1658	0.000003
1499	1738	0.000003
1500	1943	0.000003
1501	1718	0.000003
1502	2377	0.000003
1503	2342	0.000003
1504	916	0.000003
1505	2913	0.000003
1506	3149	0.000003
1507	2248	0.000003
1508	539	0.000003
1509	1741	0.000003
1510	2558	0.000003
1511	1039	0.000003
1512	526	0.000003
1513	1749	0.000003
1514	1656	0.000003
1515	1657	0.000003
1516	1915	0.000003
1517	380	0.000003
1518	2662	0.000003
1519	1863	0.000003
1520	1989	0.000003
1521	2639	0.000003
1522	992	0.000003
1523	2250	0.000003
1524	2054	0.000003
1525	125	0.000003
1526	2697	0.000003
1527	871	0.000003
1528	998	0.000003
1529	2048	0.000003
1530	933	0.000003
1531	2659	0.000003
1532	1506	0.000003
1533	2559	0.000003
1534	1446	0.000003
1535	1002	0.000003
1536	2431	0.000003
1537	960	0.000003
1538	2557	0.000003
1539	2324	0.000003
1540	1892	0.000003
1541	1938	0.000003
1542	40	0.000003
1543	1483	0.000003
1544	2449	0.000003
1545	592	0.000003
1546	1381	0.000003
1547	2252	0.000003
1548	1418	0.000003
1549	1854	0.000003
1550	1648	0.000003
1551	3048	0.000003
1552	3133	0.000003
1553	1348	0.000003
1554	3166	0.000003
1555	1449	0.000003
1556	1991	0.000003
1557	1805	0.000003
1558	1119	0.000003
1559	1883	0.000003
1560	1820	0.000003
1561	2313	0.000003
1562	1756	0.000003
1563	2800	0.000003
1564	3173	0.000003
1565	328	0.000003
1566	2385	0.000003
1567	1145	0.000003
1568	2098	0.000003
1569	2638	0.000003
1570	496	0.000003
1571	2855	0.000003
1572	240	0.000003
1573	816	0.000003
1574	1073	0.000003
1575	2861	0.000003
1576	1886	0.000003
1577	2329	0.000003
1578	3094	0.000003
1579	2966	0.000003
1580	645	0.000003
1581	262	0.000003
1582	2501	0.000003
1583	265	0.000003
1584	1085	0.000003
1585	1580	0.000003
1586	160	0.000003
1587	364	0.000003
1588	559	0.000003
1589	2360	0.000003
1590	697	0.000003
1591	2822	0.000003
1592	1137	0.000003
1593	1183	0.000003
1594	1926	0.000003
1595	1266	0.000003
1596	1884	0.000003
1597	1481	0.000003
1598	1244	0.000003
1599	1318	0.000003
1600	2471	0.000003
1601	427	0.000003
1602	2930	0.000003
1603	1767	0.000003
1604	1209	0.000003
1605	2500	0.000003
1606	899	0.000003
1607	532	0.000003
1608	2487	0.000003
1609	1921	0.000003
1610	1662	0.000003
1611	1812	0.000003
1612	718	0.000003
1613	2538	0.000003
1614	1873	0.000003
1615	1092	0.000003
1616	1339	0.000003
1617	2499	0.000003
1618	45	0.000003
1619	306	0.000003
1620	47	0.000003
1621	190	0.000003
1622	1628	0.000003
1623	1563	0.000003
1624	3227	0.000003
1625	2420	0.000003
1626	1828	0.000003
1627	3061	0.000003
1628	2776	0.000003
1629	1979	0.000003
1630	2406	0.000003
1631	1313	0.000003
1632	1671	0.000003
1633	2292	0.000003
1634	2510	0.000003
1635	1697	0.000003
1636	1063	0.000003
1637	721	0.000003
1638	1542	0.000003
1639	1292	0.000003
1640	846	0.000003
1641	2192	0.000003
1642	2702	0.000003
1643	2397	0.000003
1644	3074	0.000003
1645	622	0.000003
1646	2091	0.000003
1647	2118	0.000003
1648	426	0.000003
1649	2838	0.000003
1650	1856	0.000003
1651	122	0.000003
1652	2153	0.000003
1653	2456	0.000003
1654	1575	0.000003
1655	1255	0.000003
1656	2426	0.000003
1657	358	0.000003
1658	1097	0.000003
1659	1919	0.000003
1660	2915	0.000003
1661	1129	0.000003
1662	2683	0.000003
1663	2577	0.000003
1664	3189	0.000003
1665	1072	0.000003
1666	1719	0.000003
1667	2642	0.000003
1668	531	0.000003
1669	1382	0.000003
1670	1550	0.000003
1671	2630	0.000003
1672	449	0.000003
1673	603	0.000003
1674	1257	0.000003
1675	1216	0.000003
1676	1630	0.000003
1677	1573	0.000003
1678	1691	0.000003
1679	1480	0.000003
1680	662	0.000003
1681	1017	0.000003
1682	2245	0.000003
1683	736	0.000003
1684	96	0.000003
1685	929	0.000003
1686	1983	0.000003
1687	2582	0.000003
1688	1120	0.000003
1689	1445	0.000003
1690	2859	0.000003
1691	282	0.000003
1692	491	0.000003
1693	1959	0.000003
1694	1442	0.000003
1695	2389	0.000003
1696	2996	0.000003
1697	1268	0.000003
1698	1737	0.000003
1699	446	0.000003
1700	2479	0.000003
1701	2782	0.000003
1702	1789	0.000003
1703	2591	0.000003
1704	69	0.000002
1705	888	0.000002
1706	1848	0.000002
1707	53	0.000002
1708	3055	0.000002
1709	442	0.000002
1710	1327	0.000002
1711	2367	0.000002
1712	2417	0.000002
1713	1799	0.000002
1714	1181	0.000002
1715	172	0.000002
1716	2133	0.000002
1717	2964	0.000002
1718	2396	0.000002
1719	2841	0.000002
1720	843	0.000002
1721	1980	0.000002
1722	1065	0.000002
1723	1817	0.000002
1724	3161	0.000002
1725	1731	0.000002
1726	616	0.000002
1727	369	0.000002
1728	1940	0.000002
1729	3088	0.000002
1730	2078	0.000002
1731	1199	0.000002
1732	3192	0.000002
1733	3036	0.000002
1734	1440	0.000002
1735	2108	0.000002
1736	596	0.000002
1737	2727	0.000002
1738	2433	0.000002
1739	1556	0.000002
1740	355	0.000002
1741	611	0.000002
1742	1210	0.000002
1743	2149	0.000002
1744	1518	0.000002
1745	2848	0.000002
1746	1470	0.000002
1747	2480	0.000002
1748	101	0.000002
1749	1661	0.000002
1750	2414	0.000002
1751	2843	0.000002
1752	1217	0.000002
1753	2512	0.000002
1754	1263	0.000002
1755	2505	0.000002
1756	696	0.000002
1757	3194	0.000002
1758	1296	0.000002
1759	2051	0.000002
1760	937	0.000002
1761	1649	0.000002
1762	2148	0.000002
1763	1826	0.000002
1764	756	0.000002
1765	439	0.000002
1766	2170	0.000002
1767	1655	0.000002
1768	1223	0.000002
1769	2529	0.000002
1770	2547	0.000002
1771	935	0.000002
1772	1170	0.000002
1773	2012	0.000002
1774	1727	0.000002
1775	837	0.000002
1776	2230	0.000002
1777	504	0.000002
1778	1055	0.000002
1779	882	0.000002
1780	2535	0.000002
1781	1502	0.000002
1782	1322	0.000002
1783	1136	0.000002
1784	1253	0.000002
1785	608	0.000002
1786	2332	0.000002
1787	864	0.000002
1788	1742	0.000002
1789	1074	0.000002
1790	443	0.000002
1791	606	0.000002
1792	1491	0.000002
1793	1837	0.000002
1794	2029	0.000002
1795	2887	0.000002
1796	1569	0.000002
1797	1632	0.000002
1798	1387	0.000002
1799	1829	0.000002
1800	2897	0.000002
1801	1860	0.000002
1802	952	0.000002
1803	926	0.000002
1804	367	0.000002
1805	1645	0.000002
1806	2337	0.000002
1807	445	0.000002
1808	1639	0.000002
1809	1673	0.000002
1810	2171	0.000002
1811	1683	0.000002
1812	2692	0.000002
1813	2386	0.000002
1814	2157	0.000002
1815	1766	0.000002
1816	1687	0.000002
1817	1902	0.000002
1818	3118	0.000002
1819	1087	0.000002
1820	330	0.000002
1821	700	0.000002
1822	2183	0.000002
1823	553	0.000002
1824	486	0.000002
1825	1650	0.000002
1826	2074	0.000002
1827	2978	0.000002
1828	515	0.000002
1829	1361	0.000002
1830	1265	0.000002
1831	2956	0.000002
1832	626	0.000002
1833	2483	0.000002
1834	2097	0.000002
1835	2287	0.000002
1836	3017	0.000002
1837	2154	0.000002
1838	753	0.000002
1839	1218	0.000002
1840	2792	0.000002
1841	856	0.000002
1842	2369	0.000002
1843	2677	0.000002
1844	638	0.000002
1845	779	0.000002
1846	1995	0.000002
1847	2914	0.000002
1848	636	0.000002
1849	3021	0.000002
1850	2100	0.000002
1851	2303	0.000002
1852	1206	0.000002
1853	2700	0.000002
1854	1764	0.000002
1855	979	0.000002
1856	2622	0.000002
1857	958	0.000002
1858	1005	0.000002
1859	1910	0.000002
1860	1988	0.000002
1861	1712	0.000002
1862	1665	0.000002
1863	1676	0.000002
1864	593	0.000002
1865	464	0.000002
1866	2502	0.000002
1867	1546	0.000002
1868	1198	0.000002
1869	2024	0.000002
1870	1674	0.000002
1871	2425	0.000002
1872	978	0.000002
1873	2174	0.000002
1874	2939	0.000002
1875	1182	0.000002
1876	1343	0.000002
1877	359	0.000002
1878	325	0.000002
1879	405	0.000002
1880	683	0.000002
1881	1282	0.000002
1882	2454	0.000002
1883	2297	0.000002
1884	841	0.000002
1885	142	0.000002
1886	2052	0.000002
1887	1885	0.000002
1888	1211	0.000002
1889	1482	0.000002
1890	2296	0.000002
1891	2236	0.000002
1892	2005	0.000002
1893	2960	0.000002
1894	2231	0.000002
1895	728	0.000002
1896	136	0.000002
1897	2188	0.000002
1898	1611	0.000002
1899	1411	0.000002
1900	1782	0.000002
1901	1794	0.000002
1902	2280	0.000002
1903	3023	0.000002
1904	878	0.000002
1905	296	0.000002
1906	2900	0.000002
1907	1696	0.000002
1908	2267	0.000002
1909	879	0.000002
1910	1821	0.000002
1911	1324	0.000002
1912	360	0.000002
1913	344	0.000002
1914	2875	0.000002
1915	1654	0.000002
1916	956	0.000002
1917	173	0.000002
1918	1770	0.000002
1919	687	0.000002
1920	2080	0.000002
1921	2678	0.000002
1922	2184	0.000002
1923	34	0.000002
1924	1219	0.000002
1925	2033	0.000002
1926	2594	0.000002
1927	1162	0.000002
1928	2317	0.000002
1929	2434	0.000002
1930	2632	0.000002
1931	3047	0.000002
1932	2169	0.000002
1933	1652	0.000002
1934	2235	0.000002
1935	1414	0.000002
1936	2851	0.000002
1937	1772	0.000002
1938	3045	0.000002
1939	1889	0.000002
1940	2036	0.000002
1941	2017	0.000002
1942	2735	0.000002
1943	88	0.000002
1944	809	0.000002
1945	1844	0.000002
1946	1852	0.000002
1947	1769	0.000002
1948	3079	0.000002
1949	1965	0.000002
1950	2294	0.000002
1951	2196	0.000002
1952	2284	0.000002
1953	844	0.000002
1954	1746	0.000002
1955	2541	0.000002
1956	1431	0.000002
1957	1724	0.000002
1958	2117	0.000002
1959	165	0.000002
1960	2306	0.000002
1961	991	0.000002
1962	2028	0.000002
1963	1400	0.000002
1964	986	0.000002
1965	1425	0.000002
1966	2646	0.000002
1967	2849	0.000002
1968	2651	0.000002
1969	904	0.000002
1970	2604	0.000002
1971	1340	0.000002
1972	1015	0.000002
1973	2537	0.000002
1974	1105	0.000002
1975	2623	0.000002
1976	2548	0.000002
1977	1974	0.000002
1978	1967	0.000002
1979	91	0.000002
1980	1385	0.000002
1981	2775	0.000002
1982	2796	0.000002
1983	337	0.000002
1984	1090	0.000002
1985	509	0.000002
1986	1591	0.000002
1987	1396	0.000002
1988	484	0.000002
1989	974	0.000002
1990	1797	0.000002
1991	162	0.000002
1992	1842	0.000002
1993	2711	0.000002
1994	2159	0.000002
1995	2027	0.000002
1996	1251	0.000002
1997	2185	0.000002
1998	1138	0.000002
1999	1928	0.000002
2000	1532	0.000002
2001	2246	0.000002
2002	2262	0.000002
2003	1510	0.000002
2004	2949	0.000002
2005	2704	0.000002
2006	1954	0.000002
2007	2813	0.000002
2008	483	0.000002
2009	732	0.000002
2010	2445	0.000002
2011	1323	0.000002
2012	2064	0.000002
2013	1153	0.000002
2014	1740	0.000002
2015	1711	0.000002
2016	2266	0.000002
2017	2568	0.000002
2018	2573	0.000002
2019	2166	0.000002
2020	42	0.000002
2021	1093	0.000002
2022	1058	0.000002
2023	2624	0.000002
2024	1968	0.000001
2025	351	0.000001
2026	1783	0.000001
2027	2364	0.000001
2028	1278	0.000001
2029	2569	0.000001
2030	1596	0.000001
2031	1427	0.000001
2032	1398	0.000001
2033	1574	0.000001
2034	1458	0.000001
2035	2602	0.000001
2036	2521	0.000001
2037	2214	0.000001
2038	1082	0.000001
2039	2847	0.000001
2040	2285	0.000001
2041	1827	0.000001
2042	1459	0.000001
2043	2668	0.000001
2044	123	0.000001
2045	1996	0.000001
2046	640	0.000001
2047	2663	0.000001
2048	1084	0.000001
2049	2210	0.000001
2050	719	0.000001
2051	1117	0.000001
2052	1439	0.000001
2053	2734	0.000001
2054	2465	0.000001
2055	2895	0.000001
2056	906	0.000001
2057	1659	0.000001
2058	105	0.000001
2059	1267	0.000001
2060	2075	0.000001
2061	2942	0.000001
2062	2554	0.000001
2063	2233	0.000001
2064	2637	0.000001
2065	2685	0.000001
2066	1584	0.000001
2067	2092	0.000001
2068	2124	0.000001
2069	994	0.000001
2070	2749	0.000001
2071	2383	0.000001
2072	588	0.000001
2073	1748	0.000001
2074	1802	0.000001
2075	1730	0.000001
2076	2703	0.000001
2077	2549	0.000001
2078	2401	0.000001
2079	1964	0.000001
2080	1604	0.000001
2081	913	0.000001
2082	1514	0.000001
2083	1370	0.000001
2084	2178	0.000001
2085	1436	0.000001
2086	1822	0.000001
2087	272	0.000001
2088	2563	0.000001
2089	940	0.000001
2090	2991	0.000001
2091	2731	0.000001
2092	2971	0.000001
2093	3154	0.000001
2094	850	0.000001
2095	413	0.000001
2096	2916	0.000001
2097	2366	0.000001
2098	1488	0.000001
2099	1539	0.000001
2100	1922	0.000001
2101	146	0.000001
2102	2643	0.000001
2103	2072	0.000001
2104	300	0.000001
2105	1605	0.000001
2106	1168	0.000001
2107	163	0.000001
2108	1998	0.000001
2109	2482	0.000001
2110	3041	0.000001
2111	2657	0.000001
2112	1934	0.000001
2113	2972	0.000001
2114	456	0.000001
2115	2649	0.000001
2116	708	0.000001
2117	2134	0.000001
2118	3122	0.000001
2119	2391	0.000001
2120	2278	0.000001
2121	1871	0.000001
2122	2215	0.000001
2123	2503	0.000001
2124	2572	0.000001
2125	1464	0.000001
2126	1468	0.000001
2127	99	0.000001
2128	2684	0.000001
2129	3104	0.000001
2130	2990	0.000001
2131	2095	0.000001
2132	1499	0.000001
2133	2793	0.000001
2134	1945	0.000001
2135	1692	0.000001
2136	999	0.000001
2137	3097	0.000001
2138	2519	0.000001
2139	141	0.000001
2140	3034	0.000001
2141	1678	0.000001
2142	3069	0.000001
2143	2738	0.000001
2144	1946	0.000001
2145	3053	0.000001
2146	1578	0.000001
2147	2351	0.000001
2148	647	0.000001
2149	2688	0.000001
2150	2175	0.000001
2151	761	0.000001
2152	2099	0.000001
2153	1747	0.000001
2154	1208	0.000001
2155	2882	0.000001
2156	2962	0.000001
2157	2578	0.000001
2158	1638	0.000001
2159	941	0.000001
2160	3132	0.000001
2161	3068	0.000001
2162	639	0.000001
2163	2752	0.000001
2164	646	0.000001
2165	1894	0.000001
2166	2039	0.000001
2167	2893	0.000001
2168	3100	0.000001
2169	2635	0.000001
2170	547	0.000001
2171	1500	0.000001
2172	847	0.000001
2173	2168	0.000001
2174	2565	0.000001
2175	2986	0.000001
2176	1869	0.000001
2177	1933	0.000001
2178	3044	0.000001
2179	2305	0.000001
2180	2058	0.000001
2181	310	0.000001
2182	2832	0.000001
2183	1585	0.000001
2184	2644	0.000001
2185	2474	0.000001
2186	754	0.000001
2187	327	0.000001
2188	1178	0.000001
2189	2458	0.000001
2190	1406	0.000001
2191	488	0.000001
2192	3060	0.000001
2193	1897	0.000001
2194	949	0.000001
2195	1950	0.000001
2196	1245	0.000001
2197	545	0.000001
2198	1621	0.000001
2199	1565	0.000001
2200	2111	0.000001
2201	2258	0.000001
2202	259	0.000001
2203	2574	0.000001
2204	2909	0.000001
2205	2788	0.000001
2206	2399	0.000001
2207	1780	0.000001
2208	2903	0.000001
2209	2723	0.000001
2210	2155	0.000001
2211	2473	0.000001
2212	2018	0.000001
2213	1582	0.000001
2214	1498	0.000001
2215	2043	0.000001
2216	1973	0.000001
2217	2435	0.000001
2218	1215	0.000001
2219	2530	0.000001
2220	3007	0.000001
2221	2679	0.000001
2222	499	0.000001
2223	2773	0.000001
2224	1197	0.000001
2225	2190	0.000001
2226	1281	0.000001
2227	1899	0.000001
2228	2963	0.000001
2229	3136	0.000001
2230	2015	0.000001
2231	1733	0.000001
2232	770	0.000001
2233	1212	0.000001
2234	2129	0.000001
2235	2055	0.000001
2236	2411	0.000001
2237	2260	0.000001
2238	653	0.000001
2239	1903	0.000001
2240	2462	0.000001
2241	3029	0.000001
2242	2116	0.000001
2243	2076	0.000001
2244	2320	0.000001
2245	1932	0.000001
2246	2664	0.000001
2247	2403	0.000001
2248	2889	0.000001
2249	1376	0.000001
2250	1354	0.000001
2251	1521	0.000001
2252	2001	0.000001
2253	482	0.000001
2254	2348	0.000001
2255	2443	0.000001
2256	2472	0.000001
2257	2201	0.000001
2258	1913	0.000001
2259	564	0.000001
2260	1009	0.000001
2261	2363	0.000001
2262	1768	0.000001
2263	1486	0.000001
2264	2770	0.000001
2265	597	0.000001
2266	293	0.000001
2267	938	0.000001
2268	1841	0.000001
2269	1647	0.000001
2270	2850	0.000001
2271	2829	0.000001
2272	1290	0.000001
2273	2531	0.000001
2274	2122	0.000001
2275	1700	0.000001
2276	2952	0.000001
2277	2102	0.000001
2278	601	0.000001
2279	2694	0.000001
2280	3015	0.000001
2281	1420	0.000001
2282	3157	0.000001
2283	2336	0.000001
2284	2716	0.000001
2285	231	0.000001
2286	185	0.000001
2287	2101	0.000001
2288	873	0.000001
2289	1549	0.000001
2290	2035	0.000001
2291	1336	0.000001
2292	1774	0.000001
2293	1839	0.000001
2294	2197	0.000001
2295	1685	0.000001
2296	315	0.000001
2297	1785	0.000001
2298	2869	0.000001
2299	1875	0.000001
2300	2218	0.000001
2301	2061	0.000001
2302	1508	0.000001
2303	962	0.000001
2304	2089	0.000001
2305	1118	0.000001
2306	1177	0.000001
2307	1317	0.000001
2308	1840	0.000001
2309	2468	0.000001
2310	3002	0.000001
2311	43	0.000001
2312	1568	0.000001
2313	2339	0.000001
2314	2316	0.000001
2315	2669	0.000001
2316	54	0.000001
2317	1981	0.000001
2318	340	0.000001
2319	2858	0.000001
2320	1189	0.000001
2321	1031	0.000001
2322	2486	0.000001
2323	988	0.000001
2324	1777	0.000001
2325	3212	0.000001
2326	1545	0.000001
2327	1344	0.000001
2328	2163	0.000001
2329	26	0.000001
2330	2542	0.000001
2331	1846	0.000001
2332	1706	0.000001
2333	2112	0.000001
2334	1984	0.000001
2335	2653	0.000001
2336	1081	0.000001
2337	2220	0.000001
2338	1743	0.000001
2339	2490	0.000001
2340	2532	0.000001
2341	3134	0.000001
2342	1758	0.000001
2343	755	0.000001
2344	2812	0.000001
2345	836	0.000001
2346	2799	0.000001
2347	1415	0.000001
2348	1455	0.000001
2349	1893	0.000001
2350	2648	0.000001
2351	2620	0.000001
2352	1320	0.000001
2353	290	0.000001
2354	2640	0.000001
2355	2970	0.000001
2356	1541	0.000001
2357	2189	0.000001
2358	2552	0.000001
2359	1432	0.000001
2360	1728	0.000001
2361	2224	0.000001
2362	2672	0.000001
2363	3198	0.000001
2364	1416	0.000001
2365	1935	0.000001
2366	2495	0.000001
2367	2555	0.000001
2368	2830	0.000001
2369	2327	0.000001
2370	2239	0.000001
2371	1567	0.000001
2372	2217	0.000001
2373	1135	0.000001
2374	1695	0.000001
2375	1326	0.000001
2376	3131	0.000001
2377	993	0.000001
2378	1205	0.000001
2379	970	0.000001
2380	2715	0.000001
2381	1830	0.000001
2382	2621	0.000001
2383	2298	0.000001
2384	905	0.000001
2385	2254	0.000001
2386	2147	0.000001
2387	2525	0.000001
2388	1898	0.000001
2389	1641	0.000001
2390	2177	0.000001
2391	3102	0.000001
2392	2291	0.000001
2393	2300	0.000001
2394	2427	0.000001
2395	3014	0.000001
2396	2804	0.000001
2397	39	0.000001
2398	2570	0.000001
2399	2450	0.000001
2400	2381	0.000001
2401	2951	0.000001
2402	1816	0.000001
2403	2798	0.000001
2404	1471	0.000001
2405	2767	0.000001
2406	2128	0.000001
2407	2931	0.000001
2408	680	0.000001
2409	2376	0.000001
2410	1939	0.000001
2411	661	0.000001
2412	701	0.000001
2413	55	0.000001
2414	2533	0.000001
2415	2335	0.000001
2416	3199	0.000001
2417	2717	0.000001
2418	1814	0.000001
2419	1709	0.000001
2420	2186	0.000001
2421	2948	0.000001
2422	2612	0.000001
2423	2310	0.000001
2424	2331	0.000001
2425	3022	0.000001
2426	2650	0.000001
2427	2459	0.000001
2428	1173	0.000001
2429	1248	0.000001
2430	2805	0.000001
2431	2227	0.000001
2432	2862	0.000001
2433	2730	0.000001
2434	1857	0.000001
2435	1520	0.000001
2436	2277	0.000001
2437	2631	0.000001
2438	1220	0.000001
2439	1969	0.000001
2440	2751	0.000001
2441	2273	0.000001
2442	339	0.000001
2443	2766	0.000001
2444	1818	0.000001
2445	2899	0.000001
2446	3159	0.000001
2447	2066	0.000001
2448	2205	0.000001
2449	2263	0.000001
2450	2345	0.000001
2451	2523	0.000001
2452	682	0.000001
2453	2901	0.000001
2454	3208	0.000001
2455	1121	0.000001
2456	2754	0.000001
2457	1637	0.000001
2458	1858	0.000001
2459	2362	0.000001
2460	2670	0.000001
2461	2919	0.000001
2462	3040	0.000001
2463	2571	0.000001
2464	2825	0.000001
2465	1773	0.000001
2466	2656	0.000001
2467	1207	0.000001
2468	1176	0.000001
2469	366	0.000001
2470	3148	0.000001
2471	2608	0.000001
2472	2746	0.000001
2473	2199	0.000001
2474	3028	0.000001
2475	2626	0.000001
2476	1279	0.000001
2477	2086	0.000001
2478	2271	0.000001
2479	3137	0.000001
2480	1598	0.000001
2481	1675	0.000001
2482	1451	0.000001
2483	3033	0.000001
2484	2146	0.000001
2485	1194	0.000001
2486	1698	0.000001
2487	3110	0.000001
2488	2279	0.000001
2489	2325	0.000001
2490	3123	0.000001
2491	475	0.000001
2492	3226	0.000001
2493	2299	0.000001
2494	2924	0.000001
2495	2444	0.000001
2496	3114	0.000001
2497	1577	0.000001
2498	2152	0.000001
2499	1824	0.000001
2500	874	0.000001
2501	2524	0.000001
2502	2921	0.000001
2503	2219	0.000001
2504	2597	0.000001
2505	2953	0.000001
2506	2007	0.000001
2507	1405	0.000001
2508	1131	0.000001
2509	2534	0.000001
2510	2251	0.000001
2511	1680	0.000001
2512	521	0.000001
2513	2988	0.000001
2514	2439	0.000001
2515	794	0.000001
2516	1906	0.000001
2517	2807	0.000001
2518	2255	0.000001
2519	139	0.000001
2520	2852	0.000001
2521	2885	0.000001
2522	1089	0.000001
2523	1912	0.000001
2524	2879	0.000001
2525	459	0.000001
2526	1148	0.000001
2527	1997	0.000001
2528	2938	0.000001
2529	2837	0.000001
2530	2338	0.000001
2531	3120	0.000001
2532	3196	0.000001
2533	1985	0.000001
2534	200	0.000001
2535	3201	0.000001
2536	3062	0.000001
2537	2652	0.000001
2538	2615	0.000001
2539	2733	0.000001
2540	558	0.000001
2541	2093	0.000001
2542	3049	0.000001
2543	204	0.000001
2544	2817	0.000001
2545	2740	0.000001
2546	1076	0.000001
2547	3203	0.000001
2548	2699	0.000001
2549	2950	0.000001
2550	1612	0.000001
2551	2126	0.000001
2552	1309	0.000001
2553	3170	0.000001
2554	1424	0.000001
2555	3056	0.000001
2556	1720	0.000001
2557	2857	0.000001
2558	1808	0.000001
2559	1681	0.000001
2560	2940	0.000001
2561	1667	0.000001
2562	3106	0.000001
2563	2708	0.000001
2564	2681	0.000001
2565	1693	0.000001
2566	2686	0.000001
2567	2828	0.000001
2568	2994	0.000001
2569	742	0.000001
2570	2774	0.000001
2571	1787	0.000001
2572	1571	0.000001
2573	3054	0.000001
2574	1179	0.000001
2575	2517	0.000001
2576	2803	0.000001
2577	2307	0.000001
2578	897	0.000001
2579	1607	0.000001
2580	995	0.000001
2581	2600	0.000001
2582	1357	0.000001
2583	2827	0.000001
2584	2319	0.000001
2585	1653	0.000001
2586	1529	0.000001
2587	1745	0.000001
2588	255	0.000001
2589	1238	0.000001
2590	1918	0.000001
2591	365	0.000001
2592	2974	0.000001
2593	2691	0.000001
2594	1280	0.000001
2595	2945	0.000001
2596	2407	0.000001
2597	1008	0.000001
2598	2461	0.000001
2599	2379	0.000001
2600	1080	0.000001
2601	1434	0.000001
2602	1868	0.000001
2603	2750	0.000001
2604	2082	0.000001
2605	2030	0.000001
2606	3163	0.000001
2607	1059	0.000001
2608	3113	0.000001
2609	2872	0.000001
2610	2382	0.000001
2611	1663	0.000001
2612	2020	0.000001
2613	1716	0.000001
2614	3182	0.000001
2615	3001	0.000001
2616	2409	0.000001
2617	2941	0.000001
2618	641	0.000001
2619	248	0.000001
2620	3193	0.000001
2621	1765	0.000001
2622	2476	0.000001
2623	2975	0.000001
2624	2719	0.000001
2625	2560	0.000001
2626	1744	0.000001
2627	2194	0.000001
2628	2050	0.000001
2629	2180	0.000001
2630	1867	0.000001
2631	1861	0.000001
2632	619	0.000001
2633	2876	0.000001
2634	1948	0.000001
2635	2446	0.000001
2636	2430	0.000001
2637	1895	0.000001
2638	2013	0.000001
2639	1272	0.000001
2640	3092	0.000001
2641	2437	0.000001
2642	725	0.000001
2643	2586	0.000001
2644	1249	0.000001
2645	1736	0.000001
2646	565	0.000001
2647	540	0.000001
2648	3178	0.000001
2649	2884	0.000001
2650	2816	0.000001
2651	2302	0.000001
2652	2627	0.000001
2653	1977	0.000001
2654	1113	0.000001
2655	3004	0.000001
2656	3057	0.000001
2657	1872	0.000001
2658	2934	0.000001
2659	3224	0.000001
2660	2671	0.000001
2661	2422	0.000001
2662	1088	0.000001
2663	3035	0.000001
2664	2145	0.000001
2665	3010	0.000001
2666	2321	0.000001
2667	2878	0.000001
2668	2883	0.000001
2669	2150	0.000001
2670	2755	0.000001
2671	3090	0.000001
2672	1786	0.000001
2673	2980	0.000001
2674	1796	0.000001
2675	500	0.000001
2676	889	0.000001
2677	2997	0.000001
2678	2349	0.000001
2679	3158	0.000001
2680	1126	0.000001
2681	2493	0.000001
2682	68	0.000001
2683	1457	0.000001
2684	806	0.000001
2685	3211	0.000001
2686	3146	0.000001
2687	2429	0.000001
2688	2634	0.000001
2689	106	0.000001
2690	570	0.000001
2691	1152	0.000001
2692	1150	0.000001
2693	2023	0.000001
2694	2203	0.000000
2695	2347	0.000000
2696	1891	0.000000
2697	1710	0.000000
2698	2130	0.000000
2699	423	0.000000
2700	3089	0.000000
2701	2372	0.000000
2702	2961	0.000000
2703	2498	0.000000
2704	2902	0.000000
2705	2418	0.000000
2706	591	0.000000
2707	3067	0.000000
2708	3177	0.000000
2709	1819	0.000000
2710	2103	0.000000
2711	2240	0.000000
2712	2599	0.000000
2713	1976	0.000000
2714	2253	0.000000
2715	2370	0.000000
2716	734	0.000000
2717	3160	0.000000
2718	1961	0.000000
2719	3063	0.000000
2720	2721	0.000000
2721	1368	0.000000
2722	2182	0.000000
2723	2689	0.000000
2724	1375	0.000000
2725	1321	0.000000
2726	2873	0.000000
2727	3127	0.000000
2728	2826	0.000000
2729	2113	0.000000
2730	2421	0.000000
2731	2522	0.000000
2732	2616	0.000000
2733	2595	0.000000
2734	1123	0.000000
2735	2492	0.000000
2736	3174	0.000000
2737	1246	0.000000
2738	2601	0.000000
2739	1507	0.000000
2740	2831	0.000000
2741	2860	0.000000
2742	2611	0.000000
2743	1127	0.000000
2744	3050	0.000000
2745	3073	0.000000
2746	2544	0.000000
2747	950	0.000000
2748	2905	0.000000
2749	1599	0.000000
2750	2173	0.000000
2751	3012	0.000000
2752	3188	0.000000
2753	2140	0.000000
2754	2509	0.000000
2755	2780	0.000000
2756	2722	0.000000
2757	2415	0.000000
2758	284	0.000000
2759	2701	0.000000
2760	2655	0.000000
2761	3091	0.000000
2762	44	0.000000
2763	1982	0.000000
2764	362	0.000000
2765	3219	0.000000
2766	2790	0.000000
2767	1920	0.000000
2768	3153	0.000000
2769	1626	0.000000
2770	3151	0.000000
2771	2764	0.000000
2772	1487	0.000000
2773	291	0.000000
2774	982	0.000000
2775	2728	0.000000
2776	2405	0.000000
2777	2880	0.000000
2778	2507	0.000000
2779	3195	0.000000
2780	567	0.000000
2781	811	0.000000
2782	3155	0.000000
2783	3207	0.000000
2784	1900	0.000000
2785	768	0.000000
2786	3167	0.000000
2787	2762	0.000000
2788	3065	0.000000
2789	2589	0.000000
2790	3142	0.000000
2791	2959	0.000000
2792	2888	0.000000
2793	3086	0.000000
2794	3204	0.000000
2795	2763	0.000000
2796	2151	0.000000
2797	2718	0.000000
2798	3179	0.000000
2799	1586	0.000000
2800	1855	0.000000
2801	2457	0.000000
2802	2675	0.000000
2803	2811	0.000000
2804	3052	0.000000
2805	2757	0.000000
2806	2016	0.000000
2807	3039	0.000000
2808	3083	0.000000
2809	2318	0.000000
2810	2451	0.000000
2811	2863	0.000000
2812	2388	0.000000
2813	3171	0.000000
2814	945	0.000000
2815	1911	0.000000
2816	2736	0.000000
2817	2742	0.000000
2818	3191	0.000000
2819	2910	0.000000
2820	752	0.000000
2821	2228	0.000000
2822	2748	0.000000
2823	2467	0.000000
2824	821	0.000000
2825	2581	0.000000
2826	2706	0.000000
2827	2259	0.000000
2828	723	0.000000
2829	3082	0.000000
2830	3183	0.000000
2831	1925	0.000000
2832	2785	0.000000
2833	3220	0.000000
2834	3225	0.000000
2835	3026	0.000000
2836	147	0.000000
2837	2690	0.000000
2838	2032	0.000000
2839	1551	0.000000
2840	3066	0.000000
2841	2193	0.000000
2842	2455	0.000000
2843	1057	0.000000
2844	2943	0.000000
2845	595	0.000000
2846	2330	0.000000
2847	2912	0.000000
2848	2995	0.000000
2849	1942	0.000000
2850	2069	0.000000
2851	1200	0.000000
2852	2745	0.000000
2853	1003	0.000000
2854	508	0.000000
2855	1393	0.000000
2856	2432	0.000000
2857	3216	0.000000
2858	3144	0.000000
2859	3006	0.000000
2860	3008	0.000000
2861	2442	0.000000
2862	835	0.000000
2863	2864	0.000000
2864	2877	0.000000
2865	2802	0.000000
2866	3042	0.000000
2867	902	0.000000
2868	1793	0.000000
2869	2771	0.000000
2870	2787	0.000000
2871	2384	0.000000
2872	2181	0.000000
2873	1887	0.000000
2874	2010	0.000000
2875	1303	0.000000
2876	2506	0.000000
2877	1958	0.000000
2878	2789	0.000000
2879	3075	0.000000
2880	2636	0.000000
2881	2142	0.000000
2882	3215	0.000000
2883	1956	0.000000
2884	492	0.000000
2885	3084	0.000000
2886	299	0.000000
2887	2213	0.000000
2888	1291	0.000000
2889	1699	0.000000
2890	1901	0.000000
2891	3190	0.000000
2892	2334	0.000000
2893	2823	0.000000
2894	3230	0.000000
2895	3070	0.000000
2896	3206	0.000000
2897	2545	0.000000
2898	2920	0.000000
2899	2416	0.000000
2900	2918	0.000000
2901	2497	0.000000
2902	425	0.000000
2903	2261	0.000000
2904	2115	0.000000
2905	2257	0.000000
2906	1299	0.000000
2907	2977	0.000000
2908	3143	0.000000
2909	3117	0.000000
2910	502	0.000000
2911	3228	0.000000
2912	885	0.000000
2913	2836	0.000000
2914	2969	0.000000
2915	2866	0.000000
2916	3072	0.000000
2917	3011	0.000000
2918	3169	0.000000
2919	2756	0.000000
2920	1978	0.000000
2921	2846	0.000000
2922	2928	0.000000
2923	2896	0.000000
2924	1537	0.000000
2925	2705	0.000000
2926	3214	0.000000
2927	2819	0.000000
2928	659	0.000000
2929	2737	0.000000
2930	2820	0.000000
2931	2049	0.000000
2932	2707	0.000000
2933	2743	0.000000
2934	2842	0.000000
2935	2221	0.000000
2936	2625	0.000000
2937	2747	0.000000
2938	2543	0.000000
2939	2839	0.000000
2940	2809	0.000000
2941	2340	0.000000
2942	2110	0.000000
2943	3043	0.000000
2944	3025	0.000000
2945	1441	0.000000
2946	2944	0.000000
2947	2084	0.000000
2948	980	0.000000
2949	2222	0.000000
2950	3180	0.000000
2951	1187	0.000000
2952	2378	0.000000
2953	2104	0.000000
2954	94	0.000000
2955	3176	0.000000
2956	3112	0.000000
2957	2987	0.000000
2958	2309	0.000000
2959	3071	0.000000
2960	3005	0.000000
2961	3018	0.000000
2962	3125	0.000000
2963	2976	0.000000
2964	2119	0.000000
2965	3128	0.000000
2966	2588	0.000000
2967	967	0.000000
2968	2044	0.000000
2969	2676	0.000000
2970	1157	0.000000
2971	2361	0.000000
2972	2179	0.000000
2973	2583	0.000000
2974	2350	0.000000
2975	2904	0.000000
2976	2845	0.000000
2977	2392	0.000000
2978	2004	0.000000
2979	3046	0.000000
2980	2460	0.000000
2981	2797	0.000000
2982	2328	0.000000
2983	2247	0.000000
2984	3138	0.000000
2985	3095	0.000000
2986	3024	0.000000
2987	2603	0.000000
2988	2424	0.000000
2989	2761	0.000000
2990	2387	0.000000
2991	587	0.000000
2992	2992	0.000000
2993	2617	0.000000
2994	3080	0.000000
2995	1409	0.000000
2996	1328	0.000000
2997	2890	0.000000
2998	2768	0.000000
2999	2806	0.000000
3000	2647	0.000000
3001	2452	0.000000
3002	1701	0.000000
3003	2398	0.000000
3004	2667	0.000000
3005	2777	0.000000
3006	3020	0.000000
3007	1668	0.000000
3008	3187	0.000000
3009	2301	0.000000
3010	2281	0.000000
3011	2725	0.000000
3012	2665	0.000000
3013	3200	0.000000
3014	3101	0.000000
3015	2293	0.000000
3016	2229	0.000000
3017	3139	0.000000
3018	3162	0.000000
3019	2818	0.000000
3020	3096	0.000000
3021	2935	0.000000
3022	2769	0.000000
3023	2014	0.000000
3024	2865	0.000000
3025	2786	0.000000
3026	2958	0.000000
3027	2661	0.000000
3028	2504	0.000000
3029	2985	0.000000
3030	2981	0.000000
3031	631	0.000000
3032	2759	0.000000
3033	1936	0.000000
3034	1300	0.000000
3035	354	0.000000
3036	2932	0.000000
3037	3064	0.000000
3038	1091	0.000000
3039	2314	0.000000
3040	1761	0.000000
3041	2598	0.000000
3042	3205	0.000000
3043	2927	0.000000
3044	681	0.000000
3045	2022	0.000000
3046	2496	0.000000
3047	2045	0.000000
3048	2466	0.000000
3049	2874	0.000000
3050	2783	0.000000
3051	1631	0.000000
3052	2562	0.000000
3053	97	0.000000
3054	3210	0.000000
3055	3038	0.000000
3056	525	0.000000
3057	3085	0.000000
3058	2167	0.000000
3059	1391	0.000000
3060	3141	0.000000
3061	2983	0.000000
3062	2463	0.000000
3063	3168	0.000000
3064	2729	0.000000
3065	2989	0.000000
3066	1310	0.000000
3067	3156	0.000000
3068	2109	0.000000
3069	1763	0.000000
3070	2801	0.000000
3071	1813	0.000000
3072	644	0.000000
3073	2400	0.000000
3074	3218	0.000000
3075	3115	0.000000
3076	2114	0.000000
3077	3031	0.000000
3078	1739	0.000000
3079	1112	0.000000
3080	520	0.000000
3081	2654	0.000000
3082	2402	0.000000
3083	1952	0.000000
3084	3202	0.000000
3085	2824	0.000000
3086	2464	0.000000
3087	2341	0.000000
3088	3077	0.000000
3089	2853	0.000000
3090	2680	0.000000
3091	3037	0.000000
3092	1614	0.000000
3093	3229	0.000000
3094	2315	0.000000
3095	1519	0.000000
3096	321	0.000000
3097	2094	0.000000
3098	2833	0.000000
3099	2968	0.000000
3100	1583	0.000000
3101	2815	0.000000
3102	2835	0.000000
3103	716	0.000000
3104	1277	0.000000
3105	3111	0.000000
3106	2999	0.000000
3107	1914	0.000000
3108	2982	0.000000
3109	2784	0.000000
3110	3098	0.000000
3111	3129	0.000000
3112	2046	0.000000
3113	2660	0.000000
3114	2979	0.000000
3115	1273	0.000000
3116	3126	0.000000
3117	884	0.000000
3118	3108	0.000000
3119	2575	0.000000
3120	363	0.000000
3121	1726	0.000000
3122	2810	0.000000
3123	2973	0.000000
3124	3222	0.000000
3125	2207	0.000000
3126	3030	0.000000
3127	2760	0.000000
3128	2967	0.000000
3129	2925	0.000000
3130	2047	0.000000
3131	2714	0.000000
3132	1139	0.000000
3133	3140	0.000000
3134	2566	0.000000
3135	1752	0.000000
3136	3209	0.000000
3137	2906	0.000000
3138	448	0.000000
3139	600	0.000000
3140	2791	0.000000
3141	2892	0.000000
3142	2087	0.000000
3143	2954	0.000000
3144	2907	0.000000
3145	2596	0.000000
3146	3009	0.000000
3147	2867	0.000000
3148	2580	0.000000
3149	2068	0.000000
3150	1608	0.000000
3151	3223	0.000000
3152	2613	0.000000
3153	651	0.000000
3154	2481	0.000000
3155	2200	0.000000
3156	2732	0.000000
3157	658	0.000000
3158	3099	0.000000
3159	3175	0.000000
3160	2739	0.000000
3161	530	0.000000
3162	2946	0.000000
3163	2226	0.000000
3164	2138	0.000000
3165	2868	0.000000
3166	2605	0.000000
3167	3013	0.000000
3168	2475	0.000000
3169	346	0.000000
3170	2641	0.000000
3171	2666	0.000000
3172	3116	0.000000
3173	2840	0.000000
3174	1124	0.000000
3175	2371	0.000000
3176	3103	0.000000
3177	3147	0.000000
3178	2511	0.000000
3179	2947	0.000000
3180	1877	0.000000
3181	2308	0.000000
3182	2998	0.000000
3183	2720	0.000000
3184	2929	0.000000
3185	1759	0.000000
3186	2741	0.000000
3187	2726	0.000000
3188	2288	0.000000
3189	2365	0.000000
3190	3185	0.000000
3191	1037	0.000000
3192	2019	0.000000
3193	2926	0.000000
3194	3221	0.000000
3195	1874	0.000000
3196	589	0.000000
3197	2107	0.000000
3198	3107	0.000000
3199	2772	0.000000
3200	3165	0.000000
3201	288	0.000000
3202	1781	0.000000
3203	3186	0.000000
3204	1456	0.000000
3205	2491	0.000000
3206	2212	0.000000
3207	1086	0.000000
3208	3164	0.000000
3209	2618	0.000000
3210	3119	0.000000
3211	2579	0.000000
3212	989	0.000000
3213	3058	0.000000
3214	2955	0.000000
3215	3145	0.000000
3216	2765	0.000000
3217	3213	0.000000
3218	2244	0.000000
3219	338	0.000000
3220	1104	0.000000
3221	3078	0.000000
3222	2886	0.000000
3223	2693	0.000000
3224	2374	0.000000
3225	2264	0.000000
3226	2984	0.000000
3227	2911	0.000000
3228	2202	0.000000
3229	2576	0.000000
3230	3130	0.000000
3231	704	0.000000
3232	1474	0.000000
3233	3197	0.000000
3234	3105	0.000000
3235	3181	0.000000
3236	2908	0.000000
3237	599	0.000000
3238	1293	0.000000
3239	3121	0.000000
3240	2375	0.000000
3241	2629	0.000000
3242	2713	0.000000
3243	1115	0.000000
3244	3109	0.000000
3245	3150	0.000000
3246	3124	0.000000
3247	3081	0.000000
3248	1392	0.000000
3249	3172	0.000000
3250	3093	0.000000
3251	1561	0.000000
3252	1027	0.000000
3253	3016	0.000000
3254	2933	0.000000
3255	2658	0.000000
3256	1784	0.000000
3257	2428	0.000000
3258	2936	0.000000
3259	2633	0.000000
3260	566	0.000000
3261	590	0.000000
3262	2067	0.000000
3263	3027	0.000000
3264	3051	0.000000
3265	2551	0.000000
3266	3152	0.000000
3267	3019	0.000000
3268	3076	0.000000
3269	2695	0.000000
3270	3323	0.000000
3271	3324	0.000000
3272	3325	0.000000
3273	3326	0.000000
3274	3327	0.000000
3275	3328	0.000000
3276	3329	0.000000
3277	3330	0.000000
3278	3331	0.000000
3279	3335	0.000000
3280	3334	0.000000
3281	3333	0.000000
3282	3332	0.000000
3283	3322	0.000000
3284	3321	0.000000
3285	3310	0.000000
3286	3319	0.000000
3287	3303	0.000000
3288	3304	0.000000
3289	3305	0.000000
3290	3306	0.000000
3291	3307	0.000000
3292	3308	0.000000
3293	3309	0.000000
3294	3320	0.000000
3295	3336	0.000000
3296	3312	0.000000
3297	3313	0.000000
3298	3314	0.000000
3299	3315	0.000000
3300	3316	0.000000
3301	3317	0.000000
3302	3318	0.000000
3303	3311	0.000000
3304	3337	0.000000
3305	3348	0.000000
3306	3339	0.000000
3307	3360	0.000000
3308	3361	0.000000
3309	All-Neighbor ARFCN (Sorted)[2]	0.000000
3310	All-Neighbor ARFCN (Sorted)[1]	0.000000
3311	All-Neighbor BSIC (Num) (Sorted)[6]	0.000000
3312	All-Neighbor BSIC (Num) (Sorted)[5]	0.000000
3313	All-Neighbor BSIC (Num) (Sorted)[4]	0.000000
3314	All-Neighbor BSIC (Num) (Sorted)[3]	0.000000
3315	All-Neighbor BSIC (Num) (Sorted)[2]	0.000000
3316	All-Neighbor BSIC (Num) (Sorted)[1]	0.000000
3317	All-MS TxPower (dBm)	0.000000
3318	All-RxQual Sub	0.000000
3319	3302	0.000000
3320	All-RxQual Full	0.000000
3321	All-ARFCN BCCH	0.000000
3322	3359	0.000000
3323	3338	0.000000
3324	3358	0.000000
3325	3356	0.000000
3326	3340	0.000000
3327	3341	0.000000
3328	3342	0.000000
3329	3343	0.000000
3330	3344	0.000000
3331	3345	0.000000
3332	3346	0.000000
3333	3347	0.000000
3334	3349	0.000000
3335	3350	0.000000
3336	3351	0.000000
3337	3352	0.000000
3338	3353	0.000000
3339	3354	0.000000
3340	3355	0.000000
3341	3357	0.000000
3342	3301	0.000000
3343	3256	0.000000
3344	3299	0.000000
3345	3246	0.000000
3346	3247	0.000000
3347	3248	0.000000
3348	3249	0.000000
3349	3250	0.000000
3350	3251	0.000000
3351	3245	0.000000
3352	3252	0.000000
3353	3254	0.000000
3354	3255	0.000000
3355	3257	0.000000
3356	3258	0.000000
3357	3259	0.000000
3358	3260	0.000000
3359	3253	0.000000
3360	3244	0.000000
3361	3243	0.000000
3362	3242	0.000000
3363	All-Neighbor ARFCN (Sorted)[6]	0.000000
3364	All-Neighbor ARFCN (Sorted)[5]	0.000000
3365	All-Neighbor ARFCN (Sorted)[4]	0.000000
3366	All-Neighbor ARFCN (Sorted)[3]	0.000000
3367	3231	0.000000
3368	3232	0.000000
3369	3233	0.000000
3370	3234	0.000000
3371	3235	0.000000
3372	3236	0.000000
3373	3237	0.000000
3374	3238	0.000000
3375	3239	0.000000
3376	3240	0.000000
3377	3241	0.000000
3378	3261	0.000000
3379	3262	0.000000
3380	3263	0.000000
3381	3264	0.000000
3382	3284	0.000000
3383	3285	0.000000
3384	3286	0.000000
3385	3287	0.000000
3386	3288	0.000000
3387	3289	0.000000
3388	3290	0.000000
3389	3291	0.000000
3390	3292	0.000000
3391	3293	0.000000
3392	3294	0.000000
3393	3295	0.000000
3394	3296	0.000000
3395	3297	0.000000
3396	3298	0.000000
3397	3283	0.000000
3398	3300	0.000000
3399	3282	0.000000
3400	3280	0.000000
3401	3265	0.000000
3402	3266	0.000000
3403	3267	0.000000
3404	3268	0.000000
3405	3269	0.000000
3406	3270	0.000000
3407	3271	0.000000
3408	3272	0.000000
3409	3273	0.000000
3410	3274	0.000000
3411	3275	0.000000
3412	3276	0.000000
3413	3277	0.000000
3414	3278	0.000000
3415	3279	0.000000
3416	3281	0.000000
3417	All-BSIC (Num)	0.000000

