1	longitude	0.089848
2	n_lon	0.088700
3	pred_lon	0.086567
4	p_lon	0.080910
5	latitude	0.062769
6	pred_lat	0.060384
7	p_lat	0.058338
8	n_lat	0.053100
9	All-Neighbor LAC (Sorted)[1]	0.045438
10	LAC	0.042876
11	All-Neighbor LAC (Sorted)[2]	0.026361
12	3	0.018554
13	All-Neighbor LAC (Sorted)[3]	0.016884
14	7	0.015993
15	9	0.015366
16	8	0.013649
17	11	0.012911
18	12	0.012740
19	13	0.011239
20	All-Neighbor RxLev (dBm) (Sorted)[2]	0.010766
21	All-Neighbor Cell Id (Sorted)[2]	0.010691
22	All-Neighbor Cell Id (Sorted)[1]	0.009586
23	CI	0.009344
24	1	0.008036
25	4	0.008030
26	All-Neighbor LAC (Sorted)[4]	0.008028
27	0	0.007270
28	2	0.006747
29	All-Neighbor RxLev (dBm) (Sorted)[3]	0.006211
30	All-Neighbor Cell Id (Sorted)[3]	0.005599
31	6	0.005389
32	All-Neighbor LAC (Sorted)[5]	0.004930
33	5	0.004262
34	p_timegap	0.003748
35	n_timegap	0.003404
36	10	0.003047
37	All-Neighbor RxLev (dBm) (Sorted)[4]	0.002914
38	All-Neighbor Cell Id (Sorted)[4]	0.002713
39	n_angle	0.002606
40	All-Neighbor LAC (Sorted)[6]	0.002503
41	All-RxLev Full (dBm)	0.002497
42	p_dist	0.002445
43	n_dist	0.002292
44	p_angle	0.002287
45	All-RxLev Sub (dBm)	0.002239
46	14	0.002132
47	All-Neighbor Cell Id (Sorted)[5]	0.002083
48	All-Neighbor RxLev (dBm) (Sorted)[1]	0.002052
49	All-Neighbor RxLev (dBm) (Sorted)[5]	0.001749
50	p_speed	0.001655
51	n_speed	0.001644
52	All-Neighbor Cell Id (Sorted)[6]	0.000925
53	783	0.000700
54	All-Neighbor RxLev (dBm) (Sorted)[6]	0.000682
55	876	0.000557
56	858	0.000498
57	971	0.000450
58	128	0.000416
59	1669	0.000377
60	1106	0.000351
61	131	0.000340
62	130	0.000309
63	1500	0.000272
64	1313	0.000266
65	857	0.000262
66	26	0.000257
67	802	0.000250
68	116	0.000250
69	243	0.000250
70	1024	0.000238
71	784	0.000232
72	1842	0.000211
73	224	0.000200
74	803	0.000198
75	917	0.000193
76	1370	0.000182
77	488	0.000177
78	64	0.000170
79	113	0.000169
80	18	0.000167
81	17	0.000167
82	801	0.000165
83	825	0.000162
84	174	0.000156
85	537	0.000156
86	1065	0.000152
87	1304	0.000151
88	195	0.000140
89	919	0.000137
90	1835	0.000136
91	875	0.000136
92	796	0.000134
93	1420	0.000133
94	913	0.000133
95	123	0.000132
96	1067	0.000130
97	34	0.000128
98	1368	0.000128
99	738	0.000124
100	486	0.000123
101	797	0.000123
102	1461	0.000120
103	231	0.000120
104	1628	0.000114
105	813	0.000113
106	20	0.000113
107	316	0.000112
108	798	0.000110
109	112	0.000110
110	1600	0.000109
111	1242	0.000108
112	1015	0.000108
113	451	0.000107
114	774	0.000105
115	1632	0.000105
116	1047	0.000103
117	318	0.000101
118	1393	0.000101
119	23	0.000096
120	623	0.000093
121	210	0.000092
122	48	0.000092
123	547	0.000092
124	659	0.000092
125	1009	0.000092
126	606	0.000091
127	1791	0.000089
128	416	0.000088
129	465	0.000087
130	255	0.000087
131	134	0.000086
132	129	0.000086
133	1483	0.000086
134	1351	0.000085
135	19	0.000084
136	369	0.000083
137	21	0.000083
138	1477	0.000083
139	393	0.000082
140	226	0.000082
141	82	0.000079
142	1493	0.000076
143	1617	0.000074
144	115	0.000074
145	921	0.000074
146	152	0.000074
147	641	0.000073
148	1350	0.000072
149	376	0.000072
150	1142	0.000072
151	378	0.000069
152	800	0.000069
153	743	0.000068
154	223	0.000068
155	211	0.000068
156	765	0.000067
157	2526	0.000066
158	461	0.000064
159	2608	0.000064
160	417	0.000064
161	51	0.000063
162	109	0.000062
163	61	0.000062
164	890	0.000062
165	1593	0.000061
166	1021	0.000061
167	382	0.000060
168	311	0.000060
169	823	0.000059
170	377	0.000059
171	584	0.000058
172	126	0.000058
173	1228	0.000058
174	585	0.000057
175	920	0.000057
176	464	0.000057
177	534	0.000057
178	773	0.000056
179	1406	0.000056
180	284	0.000056
181	421	0.000056
182	352	0.000056
183	1066	0.000055
184	154	0.000055
185	1805	0.000054
186	233	0.000054
187	574	0.000053
188	418	0.000053
189	94	0.000053
190	1352	0.000052
191	892	0.000051
192	293	0.000051
193	450	0.000051
194	1514	0.000051
195	59	0.000051
196	24	0.000050
197	1858	0.000049
198	176	0.000049
199	1108	0.000049
200	1357	0.000049
201	706	0.000049
202	577	0.000048
203	1158	0.000048
204	818	0.000048
205	648	0.000048
206	395	0.000048
207	860	0.000047
208	999	0.000047
209	1992	0.000047
210	196	0.000046
211	533	0.000046
212	310	0.000046
213	907	0.000046
214	229	0.000046
215	385	0.000046
216	1471	0.000045
217	2241	0.000045
218	816	0.000045
219	49	0.000045
220	1869	0.000044
221	894	0.000044
222	1010	0.000044
223	119	0.000044
224	505	0.000044
225	770	0.000043
226	528	0.000043
227	132	0.000043
228	58	0.000043
229	953	0.000042
230	763	0.000042
231	1201	0.000042
232	1495	0.000042
233	118	0.000042
234	1559	0.000042
235	952	0.000041
236	457	0.000041
237	879	0.000041
238	1561	0.000041
239	1515	0.000041
240	1225	0.000040
241	744	0.000040
242	1371	0.000040
243	895	0.000040
244	526	0.000040
245	705	0.000040
246	2418	0.000040
247	1802	0.000040
248	27	0.000039
249	408	0.000039
250	976	0.000039
251	647	0.000039
252	32	0.000039
253	1355	0.000038
254	2124	0.000038
255	155	0.000038
256	78	0.000038
257	737	0.000038
258	234	0.000038
259	1361	0.000037
260	72	0.000037
261	74	0.000037
262	1464	0.000037
263	168	0.000037
264	1599	0.000037
265	117	0.000037
266	219	0.000036
267	97	0.000036
268	812	0.000036
269	178	0.000036
270	125	0.000036
271	804	0.000036
272	1523	0.000036
273	1170	0.000036
274	1733	0.000036
275	235	0.000036
276	313	0.000036
277	236	0.000035
278	475	0.000035
279	147	0.000034
280	899	0.000034
281	1060	0.000034
282	1022	0.000034
283	142	0.000034
284	2354	0.000034
285	1048	0.000034
286	1591	0.000034
287	349	0.000034
288	37	0.000033
289	956	0.000033
290	1382	0.000033
291	1018	0.000033
292	2274	0.000033
293	947	0.000033
294	972	0.000033
295	1041	0.000032
296	613	0.000032
297	351	0.000032
298	251	0.000032
299	1153	0.000032
300	1173	0.000032
301	317	0.000032
302	771	0.000032
303	1834	0.000032
304	398	0.000032
305	1753	0.000032
306	275	0.000031
307	788	0.000031
308	1330	0.000031
309	693	0.000031
310	1510	0.000031
311	1333	0.000031
312	550	0.000031
313	479	0.000031
314	241	0.000031
315	1731	0.000031
316	984	0.000031
317	1789	0.000031
318	2609	0.000030
319	1533	0.000030
320	406	0.000030
321	885	0.000030
322	2483	0.000030
323	99	0.000030
324	360	0.000030
325	1451	0.000030
326	1315	0.000030
327	266	0.000029
328	221	0.000029
329	1385	0.000029
330	854	0.000029
331	334	0.000029
332	332	0.000029
333	1329	0.000029
334	2411	0.000029
335	2440	0.000029
336	1049	0.000029
337	249	0.000028
338	1110	0.000028
339	1268	0.000028
340	15	0.000028
341	725	0.000028
342	923	0.000028
343	1019	0.000028
344	272	0.000028
345	1328	0.000028
346	2203	0.000028
347	110	0.000028
348	2233	0.000028
349	624	0.000028
350	1297	0.000028
351	665	0.000028
352	831	0.000028
353	553	0.000028
354	212	0.000028
355	259	0.000027
356	897	0.000027
357	148	0.000027
358	468	0.000027
359	380	0.000027
360	1027	0.000027
361	1303	0.000027
362	257	0.000027
363	2322	0.000027
364	616	0.000027
365	1293	0.000027
366	2036	0.000027
367	1475	0.000027
368	1269	0.000027
369	460	0.000026
370	346	0.000026
371	2285	0.000026
372	136	0.000026
373	467	0.000026
374	2033	0.000026
375	396	0.000026
376	1362	0.000026
377	910	0.000025
378	2606	0.000025
379	347	0.000025
380	556	0.000025
381	165	0.000025
382	1023	0.000025
383	2052	0.000025
384	864	0.000025
385	1398	0.000025
386	246	0.000024
387	844	0.000024
388	431	0.000024
389	1734	0.000024
390	1401	0.000024
391	399	0.000024
392	1904	0.000024
393	1013	0.000024
394	269	0.000024
395	747	0.000024
396	982	0.000024
397	543	0.000024
398	974	0.000024
399	191	0.000024
400	285	0.000024
401	163	0.000024
402	153	0.000023
403	344	0.000023
404	1286	0.000023
405	924	0.000023
406	1447	0.000023
407	81	0.000023
408	761	0.000023
409	673	0.000023
410	65	0.000023
411	60	0.000023
412	1831	0.000023
413	1634	0.000023
414	829	0.000023
415	578	0.000023
416	548	0.000023
417	821	0.000023
418	851	0.000023
419	942	0.000023
420	593	0.000023
421	63	0.000023
422	194	0.000023
423	2357	0.000023
424	828	0.000023
425	629	0.000023
426	307	0.000022
427	918	0.000022
428	690	0.000022
429	407	0.000022
430	1229	0.000022
431	2236	0.000022
432	631	0.000022
433	2134	0.000022
434	669	0.000022
435	1226	0.000022
436	627	0.000022
437	1077	0.000022
438	781	0.000022
439	1129	0.000021
440	762	0.000021
441	1558	0.000021
442	2288	0.000021
443	728	0.000021
444	1622	0.000021
445	1164	0.000021
446	405	0.000021
447	1146	0.000021
448	409	0.000021
449	92	0.000021
450	859	0.000021
451	1232	0.000021
452	2469	0.000021
453	88	0.000021
454	1484	0.000021
455	35	0.000021
456	880	0.000021
457	1449	0.000021
458	570	0.000021
459	489	0.000021
460	628	0.000021
461	882	0.000020
462	1971	0.000020
463	2069	0.000020
464	527	0.000020
465	225	0.000020
466	1552	0.000020
467	943	0.000020
468	252	0.000020
469	79	0.000020
470	1162	0.000020
471	685	0.000020
472	428	0.000020
473	1502	0.000020
474	1035	0.000020
475	182	0.000020
476	1592	0.000020
477	2159	0.000020
478	260	0.000020
479	580	0.000020
480	1465	0.000020
481	1803	0.000020
482	1251	0.000019
483	1011	0.000019
484	1127	0.000019
485	108	0.000019
486	227	0.000019
487	893	0.000019
488	245	0.000019
489	667	0.000019
490	209	0.000019
491	2084	0.000019
492	1042	0.000019
493	964	0.000019
494	1940	0.000019
495	1012	0.000019
496	1040	0.000019
497	1029	0.000019
498	1602	0.000019
499	1336	0.000019
500	222	0.000019
501	341	0.000019
502	22	0.000019
503	220	0.000018
504	817	0.000018
505	789	0.000018
506	861	0.000018
507	927	0.000018
508	1394	0.000018
509	1999	0.000018
510	2332	0.000018
511	390	0.000018
512	1954	0.000018
513	1383	0.000018
514	1389	0.000018
515	1282	0.000018
516	1366	0.000018
517	2161	0.000018
518	634	0.000018
519	1459	0.000018
520	419	0.000018
521	139	0.000018
522	375	0.000017
523	335	0.000017
524	1508	0.000017
525	29	0.000017
526	71	0.000017
527	2345	0.000017
528	1844	0.000017
529	1494	0.000017
530	791	0.000017
531	288	0.000017
532	1571	0.000017
533	1307	0.000017
534	795	0.000017
535	206	0.000017
536	1952	0.000017
537	1808	0.000017
538	296	0.000017
539	1557	0.000017
540	319	0.000017
541	502	0.000017
542	217	0.000017
543	494	0.000017
544	1526	0.000016
545	1388	0.000016
546	480	0.000016
547	2122	0.000016
548	1534	0.000016
549	1124	0.000016
550	149	0.000016
551	1752	0.000016
552	397	0.000016
553	1053	0.000016
554	1294	0.000016
555	439	0.000016
556	792	0.000016
557	742	0.000016
558	1174	0.000016
559	545	0.000016
560	654	0.000016
561	995	0.000016
562	2618	0.000016
563	278	0.000016
564	561	0.000016
565	144	0.000016
566	523	0.000016
567	1930	0.000016
568	120	0.000016
569	711	0.000016
570	453	0.000016
571	276	0.000015
572	179	0.000015
573	867	0.000015
574	500	0.000015
575	2592	0.000015
576	1623	0.000015
577	1031	0.000015
578	1525	0.000015
579	1074	0.000015
580	611	0.000015
581	1837	0.000015
582	1948	0.000015
583	1097	0.000015
584	1283	0.000015
585	1185	0.000015
586	1693	0.000015
587	794	0.000015
588	1926	0.000015
589	205	0.000015
590	663	0.000015
591	2343	0.000015
592	1183	0.000015
593	2207	0.000015
594	1928	0.000015
595	2130	0.000015
596	1688	0.000015
597	1165	0.000015
598	2138	0.000015
599	853	0.000015
600	787	0.000015
601	716	0.000015
602	496	0.000015
603	748	0.000015
604	1387	0.000014
605	1846	0.000014
606	91	0.000014
607	1633	0.000014
608	622	0.000014
609	2190	0.000014
610	2076	0.000014
611	1427	0.000014
612	89	0.000014
613	891	0.000014
614	866	0.000014
615	518	0.000014
616	286	0.000014
617	1107	0.000014
618	965	0.000014
619	822	0.000014
620	759	0.000014
621	1155	0.000014
622	785	0.000014
623	1478	0.000014
624	1233	0.000014
625	1612	0.000014
626	626	0.000014
627	1284	0.000014
628	237	0.000014
629	1059	0.000014
630	1227	0.000014
631	1809	0.000014
632	941	0.000014
633	127	0.000014
634	2342	0.000014
635	1601	0.000014
636	215	0.000014
637	238	0.000013
638	734	0.000013
639	497	0.000013
640	414	0.000013
641	1822	0.000013
642	1213	0.000013
643	1133	0.000013
644	1936	0.000013
645	242	0.000013
646	157	0.000013
647	975	0.000013
648	214	0.000013
649	609	0.000013
650	512	0.000013
651	1349	0.000013
652	532	0.000013
653	926	0.000013
654	1615	0.000013
655	1542	0.000013
656	1614	0.000013
657	756	0.000013
658	274	0.000013
659	1956	0.000013
660	1432	0.000013
661	1348	0.000013
662	692	0.000013
663	1527	0.000013
664	228	0.000013
665	2476	0.000013
666	855	0.000013
667	204	0.000013
668	1101	0.000013
669	772	0.000013
670	2186	0.000013
671	2537	0.000013
672	1045	0.000013
673	2351	0.000013
674	2255	0.000013
675	702	0.000012
676	402	0.000012
677	76	0.000012
678	1903	0.000012
679	216	0.000012
680	1466	0.000012
681	384	0.000012
682	1642	0.000012
683	2527	0.000012
684	1202	0.000012
685	83	0.000012
686	2061	0.000012
687	1706	0.000012
688	190	0.000012
689	1063	0.000012
690	668	0.000012
691	1915	0.000012
692	2072	0.000012
693	811	0.000012
694	824	0.000012
695	303	0.000012
696	1070	0.000012
697	2538	0.000012
698	387	0.000012
699	1797	0.000012
700	2197	0.000012
701	636	0.000012
702	542	0.000012
703	1425	0.000012
704	1852	0.000012
705	1704	0.000012
706	710	0.000012
707	1864	0.000012
708	863	0.000012
709	102	0.000012
710	1586	0.000012
711	1139	0.000012
712	1421	0.000012
713	790	0.000012
714	968	0.000012
715	1618	0.000012
716	372	0.000012
717	677	0.000012
718	1239	0.000011
719	2120	0.000011
720	2175	0.000011
721	1553	0.000011
722	886	0.000011
723	2025	0.000011
724	198	0.000011
725	1639	0.000011
726	1168	0.000011
727	1305	0.000011
728	1163	0.000011
729	62	0.000011
730	1025	0.000011
731	970	0.000011
732	832	0.000011
733	1589	0.000011
734	929	0.000011
735	449	0.000011
736	688	0.000011
737	28	0.000011
738	248	0.000011
739	1028	0.000011
740	207	0.000011
741	466	0.000011
742	856	0.000011
743	106	0.000011
744	575	0.000011
745	1565	0.000011
746	472	0.000011
747	517	0.000011
748	1346	0.000011
749	775	0.000011
750	2355	0.000011
751	1443	0.000011
752	642	0.000011
753	1411	0.000011
754	1998	0.000011
755	1051	0.000011
756	1504	0.000011
757	270	0.000011
758	84	0.000011
759	470	0.000011
760	522	0.000011
761	45	0.000011
762	250	0.000011
763	1676	0.000011
764	560	0.000011
765	653	0.000010
766	1306	0.000010
767	391	0.000010
768	36	0.000010
769	107	0.000010
770	2549	0.000010
771	732	0.000010
772	137	0.000010
773	1671	0.000010
774	432	0.000010
775	160	0.000010
776	906	0.000010
777	389	0.000010
778	2010	0.000010
779	1407	0.000010
780	1379	0.000010
781	77	0.000010
782	173	0.000010
783	167	0.000010
784	841	0.000010
785	516	0.000010
786	181	0.000010
787	807	0.000010
788	68	0.000010
789	1703	0.000010
790	151	0.000010
791	213	0.000010
792	1254	0.000010
793	436	0.000010
794	739	0.000010
795	232	0.000010
796	1721	0.000010
797	170	0.000010
798	2282	0.000010
799	2240	0.000010
800	1861	0.000010
801	1191	0.000010
802	757	0.000010
803	1777	0.000010
804	1287	0.000010
805	567	0.000010
806	1171	0.000010
807	1908	0.000010
808	1442	0.000010
809	183	0.000010
810	1221	0.000010
811	114	0.000010
812	1003	0.000010
813	582	0.000010
814	597	0.000010
815	2621	0.000010
816	2478	0.000010
817	698	0.000010
818	1790	0.000010
819	1373	0.000009
820	1310	0.000009
821	1665	0.000009
822	799	0.000009
823	2268	0.000009
824	476	0.000009
825	513	0.000009
826	1258	0.000009
827	608	0.000009
828	2589	0.000009
829	1285	0.000009
830	477	0.000009
831	192	0.000009
832	1616	0.000009
833	604	0.000009
834	2479	0.000009
835	383	0.000009
836	373	0.000009
837	1020	0.000009
838	902	0.000009
839	986	0.000009
840	55	0.000009
841	1511	0.000009
842	554	0.000009
843	386	0.000009
844	331	0.000009
845	777	0.000009
846	2447	0.000009
847	328	0.000009
848	321	0.000009
849	674	0.000009
850	2214	0.000009
851	342	0.000009
852	325	0.000009
853	2484	0.000009
854	911	0.000009
855	2393	0.000009
856	862	0.000009
857	954	0.000009
858	1546	0.000009
859	1259	0.000009
860	719	0.000009
861	323	0.000009
862	922	0.000009
863	962	0.000009
864	218	0.000009
865	2001	0.000009
866	809	0.000009
867	156	0.000009
868	664	0.000009
869	1923	0.000009
870	403	0.000009
871	617	0.000009
872	1830	0.000009
873	1879	0.000009
874	200	0.000009
875	1195	0.000009
876	175	0.000009
877	696	0.000009
878	1255	0.000009
879	1055	0.000009
880	1588	0.000009
881	1716	0.000009
882	871	0.000009
883	782	0.000009
884	649	0.000009
885	1037	0.000009
886	1489	0.000009
887	865	0.000009
888	1974	0.000009
889	2590	0.000009
890	1641	0.000009
891	1748	0.000009
892	612	0.000009
893	1965	0.000008
894	530	0.000008
895	143	0.000008
896	1950	0.000008
897	1275	0.000008
898	614	0.000008
899	1702	0.000008
900	1338	0.000008
901	672	0.000008
902	1099	0.000008
903	1608	0.000008
904	2392	0.000008
905	415	0.000008
906	1189	0.000008
907	1660	0.000008
908	1043	0.000008
909	1115	0.000008
910	2077	0.000008
911	963	0.000008
912	1663	0.000008
913	1554	0.000008
914	1347	0.000008
915	56	0.000008
916	2123	0.000008
917	1701	0.000008
918	1039	0.000008
919	900	0.000008
920	833	0.000008
921	684	0.000008
922	471	0.000008
923	1354	0.000008
924	2171	0.000008
925	392	0.000008
926	914	0.000008
927	1273	0.000008
928	2039	0.000008
929	655	0.000008
930	1061	0.000008
931	758	0.000008
932	40	0.000008
933	423	0.000008
934	1889	0.000008
935	683	0.000008
936	1267	0.000008
937	1314	0.000008
938	66	0.000008
939	478	0.000008
940	740	0.000008
941	47	0.000008
942	752	0.000008
943	2519	0.000008
944	607	0.000008
945	1492	0.000008
946	1105	0.000008
947	1157	0.000008
948	265	0.000008
949	1046	0.000008
950	509	0.000008
951	619	0.000008
952	708	0.000008
953	1437	0.000008
954	322	0.000008
955	1344	0.000008
956	1959	0.000008
957	133	0.000008
958	2605	0.000008
959	367	0.000007
960	400	0.000007
961	1050	0.000007
962	1635	0.000007
963	1476	0.000007
964	819	0.000007
965	253	0.000007
966	931	0.000007
967	1230	0.000007
968	2622	0.000007
969	46	0.000007
970	2126	0.000007
971	388	0.000007
972	244	0.000007
973	2593	0.000007
974	280	0.000007
975	264	0.000007
976	1436	0.000007
977	1572	0.000007
978	381	0.000007
979	1814	0.000007
980	1102	0.000007
981	989	0.000007
982	850	0.000007
983	1517	0.000007
984	1260	0.000007
985	1650	0.000007
986	847	0.000007
987	2028	0.000007
988	371	0.000007
989	1587	0.000007
990	1849	0.000007
991	297	0.000007
992	1547	0.000007
993	675	0.000007
994	2613	0.000007
995	2005	0.000007
996	2403	0.000007
997	1052	0.000007
998	30	0.000007
999	1358	0.000007
1000	2156	0.000007
1001	2294	0.000007
1002	2358	0.000007
1003	1621	0.000007
1004	1499	0.000007
1005	1089	0.000007
1006	2213	0.000007
1007	571	0.000007
1008	401	0.000007
1009	2388	0.000007
1010	1422	0.000007
1011	186	0.000007
1012	1685	0.000007
1013	1235	0.000007
1014	573	0.000007
1015	689	0.000007
1016	1380	0.000007
1017	440	0.000007
1018	1496	0.000007
1019	714	0.000007
1020	1034	0.000007
1021	1334	0.000007
1022	1337	0.000007
1023	1240	0.000007
1024	2558	0.000007
1025	1364	0.000007
1026	1689	0.000007
1027	1497	0.000007
1028	881	0.000007
1029	2132	0.000007
1030	282	0.000007
1031	671	0.000007
1032	1033	0.000007
1033	721	0.000007
1034	493	0.000007
1035	1119	0.000007
1036	1609	0.000007
1037	177	0.000007
1038	2560	0.000007
1039	1093	0.000007
1040	1766	0.000007
1041	603	0.000007
1042	662	0.000007
1043	1403	0.000007
1044	446	0.000007
1045	1238	0.000007
1046	425	0.000006
1047	536	0.000006
1048	1761	0.000006
1049	572	0.000006
1050	2296	0.000006
1051	2269	0.000006
1052	2461	0.000006
1053	277	0.000006
1054	1069	0.000006
1055	1402	0.000006
1056	1717	0.000006
1057	555	0.000006
1058	1691	0.000006
1059	1318	0.000006
1060	2153	0.000006
1061	1246	0.000006
1062	1222	0.000006
1063	2097	0.000006
1064	837	0.000006
1065	256	0.000006
1066	1261	0.000006
1067	980	0.000006
1068	583	0.000006
1069	2163	0.000006
1070	240	0.000006
1071	490	0.000006
1072	197	0.000006
1073	2432	0.000006
1074	1331	0.000006
1075	2073	0.000006
1076	291	0.000006
1077	187	0.000006
1078	1113	0.000006
1079	745	0.000006
1080	2396	0.000006
1081	452	0.000006
1082	305	0.000006
1083	1993	0.000006
1084	279	0.000006
1085	2422	0.000006
1086	411	0.000006
1087	1200	0.000006
1088	103	0.000006
1089	1796	0.000006
1090	1925	0.000006
1091	601	0.000006
1092	1445	0.000006
1093	2032	0.000006
1094	300	0.000006
1095	101	0.000006
1096	273	0.000006
1097	1657	0.000006
1098	2352	0.000006
1099	2433	0.000006
1100	2353	0.000006
1101	726	0.000006
1102	69	0.000006
1103	1712	0.000006
1104	1005	0.000006
1105	1474	0.000006
1106	1203	0.000006
1107	2070	0.000006
1108	366	0.000006
1109	2091	0.000006
1110	1655	0.000006
1111	1690	0.000006
1112	2000	0.000006
1113	1946	0.000006
1114	2264	0.000006
1115	1624	0.000006
1116	511	0.000006
1117	1887	0.000006
1118	541	0.000006
1119	1216	0.000006
1120	1150	0.000006
1121	780	0.000006
1122	535	0.000006
1123	2528	0.000006
1124	826	0.000006
1125	916	0.000006
1126	806	0.000006
1127	1167	0.000006
1128	1121	0.000006
1129	538	0.000006
1130	166	0.000006
1131	1417	0.000006
1132	1482	0.000006
1133	80	0.000006
1134	1605	0.000006
1135	267	0.000006
1136	644	0.000006
1137	301	0.000006
1138	552	0.000006
1139	1720	0.000006
1140	2412	0.000006
1141	294	0.000006
1142	16	0.000006
1143	1736	0.000006
1144	1324	0.000005
1145	2539	0.000005
1146	1400	0.000005
1147	2140	0.000005
1148	1159	0.000005
1149	843	0.000005
1150	2062	0.000005
1151	95	0.000005
1152	368	0.000005
1153	1064	0.000005
1154	656	0.000005
1155	1578	0.000005
1156	945	0.000005
1157	1901	0.000005
1158	2430	0.000005
1159	1682	0.000005
1160	1472	0.000005
1161	1880	0.000005
1162	201	0.000005
1163	1169	0.000005
1164	2325	0.000005
1165	620	0.000005
1166	73	0.000005
1167	370	0.000005
1168	2323	0.000005
1169	302	0.000005
1170	239	0.000005
1171	2331	0.000005
1172	766	0.000005
1173	707	0.000005
1174	1595	0.000005
1175	1596	0.000005
1176	1166	0.000005
1177	930	0.000005
1178	814	0.000005
1179	1479	0.000005
1180	1295	0.000005
1181	959	0.000005
1182	1441	0.000005
1183	1681	0.000005
1184	2116	0.000005
1185	531	0.000005
1186	694	0.000005
1187	2310	0.000005
1188	934	0.000005
1189	330	0.000005
1190	525	0.000005
1191	958	0.000005
1192	695	0.000005
1193	87	0.000005
1194	1264	0.000005
1195	559	0.000005
1196	420	0.000005
1197	1252	0.000005
1198	2419	0.000005
1199	960	0.000005
1200	193	0.000005
1201	2104	0.000005
1202	1177	0.000005
1203	1949	0.000005
1204	1991	0.000005
1205	268	0.000005
1206	150	0.000005
1207	437	0.000005
1208	889	0.000005
1209	1765	0.000005
1210	1683	0.000005
1211	621	0.000005
1212	2143	0.000005
1213	2449	0.000005
1214	459	0.000005
1215	1863	0.000005
1216	1973	0.000005
1217	185	0.000005
1218	768	0.000005
1219	189	0.000005
1220	2215	0.000005
1221	2402	0.000005
1222	2040	0.000005
1223	2164	0.000005
1224	1774	0.000005
1225	1638	0.000005
1226	1378	0.000005
1227	1653	0.000005
1228	188	0.000005
1229	749	0.000005
1230	1827	0.000005
1231	484	0.000005
1232	2591	0.000005
1233	925	0.000005
1234	2650	0.000005
1235	2183	0.000005
1236	2027	0.000005
1237	2101	0.000005
1238	2117	0.000005
1239	1375	0.000005
1240	1236	0.000005
1241	312	0.000005
1242	750	0.000005
1243	2235	0.000005
1244	1902	0.000005
1245	90	0.000005
1246	1412	0.000005
1247	1749	0.000005
1248	1032	0.000005
1249	1851	0.000005
1250	1740	0.000005
1251	1416	0.000005
1252	2302	0.000005
1253	1962	0.000005
1254	2155	0.000005
1255	602	0.000005
1256	1819	0.000005
1257	1462	0.000005
1258	1532	0.000005
1259	568	0.000005
1260	1386	0.000005
1261	2330	0.000005
1262	2051	0.000005
1263	340	0.000005
1264	2229	0.000005
1265	208	0.000005
1266	172	0.000005
1267	909	0.000005
1268	1545	0.000005
1269	1095	0.000005
1270	687	0.000005
1271	697	0.000005
1272	1072	0.000005
1273	1098	0.000004
1274	1205	0.000004
1275	1083	0.000004
1276	2547	0.000004
1277	1906	0.000004
1278	350	0.000004
1279	1488	0.000004
1280	521	0.000004
1281	1746	0.000004
1282	2135	0.000004
1283	1468	0.000004
1284	1754	0.000004
1285	430	0.000004
1286	2267	0.000004
1287	2053	0.000004
1288	997	0.000004
1289	1918	0.000004
1290	1424	0.000004
1291	2074	0.000004
1292	908	0.000004
1293	676	0.000004
1294	1516	0.000004
1295	426	0.000004
1296	2286	0.000004
1297	1755	0.000004
1298	1218	0.000004
1299	2350	0.000004
1300	1651	0.000004
1301	735	0.000004
1302	1076	0.000004
1303	336	0.000004
1304	2096	0.000004
1305	678	0.000004
1306	1895	0.000004
1307	2389	0.000004
1308	2007	0.000004
1309	746	0.000004
1310	1672	0.000004
1311	1713	0.000004
1312	1714	0.000004
1313	306	0.000004
1314	2136	0.000004
1315	2629	0.000004
1316	1563	0.000004
1317	778	0.000004
1318	1288	0.000004
1319	1044	0.000004
1320	1426	0.000004
1321	462	0.000004
1322	2409	0.000004
1323	1848	0.000004
1324	1279	0.000004
1325	1770	0.000004
1326	1645	0.000004
1327	1722	0.000004
1328	1521	0.000004
1329	164	0.000004
1330	1469	0.000004
1331	1522	0.000004
1332	1000	0.000004
1333	2184	0.000004
1334	1649	0.000004
1335	510	0.000004
1336	1914	0.000004
1337	2400	0.000004
1338	1524	0.000004
1339	441	0.000004
1340	2248	0.000004
1341	576	0.000004
1342	1376	0.000004
1343	504	0.000004
1344	1190	0.000004
1345	434	0.000004
1346	2556	0.000004
1347	1574	0.000004
1348	1073	0.000004
1349	2444	0.000004
1350	955	0.000004
1351	1430	0.000004
1352	1529	0.000004
1353	1696	0.000004
1354	2535	0.000004
1355	1778	0.000004
1356	2512	0.000004
1357	438	0.000004
1358	764	0.000004
1359	1577	0.000004
1360	581	0.000004
1361	85	0.000004
1362	1654	0.000004
1363	2328	0.000004
1364	686	0.000004
1365	2271	0.000004
1366	1730	0.000004
1367	1277	0.000004
1368	933	0.000004
1369	2191	0.000004
1370	1006	0.000004
1371	433	0.000004
1372	2160	0.000004
1373	723	0.000004
1374	2568	0.000004
1375	1804	0.000004
1376	540	0.000004
1377	1877	0.000004
1378	946	0.000004
1379	324	0.000004
1380	180	0.000004
1381	1695	0.000004
1382	1982	0.000004
1383	1997	0.000004
1384	2242	0.000004
1385	948	0.000004
1386	487	0.000004
1387	1983	0.000004
1388	558	0.000004
1389	2315	0.000004
1390	1501	0.000004
1391	1418	0.000004
1392	983	0.000004
1393	67	0.000004
1394	2082	0.000004
1395	1204	0.000004
1396	394	0.000004
1397	2500	0.000004
1398	973	0.000004
1399	2088	0.000004
1400	932	0.000004
1401	31	0.000004
1402	2244	0.000004
1403	1779	0.000004
1404	1419	0.000004
1405	1531	0.000004
1406	2059	0.000004
1407	1137	0.000004
1408	1300	0.000004
1409	2266	0.000004
1410	1249	0.000004
1411	263	0.000004
1412	1626	0.000004
1413	652	0.000004
1414	2016	0.000004
1415	413	0.000004
1416	444	0.000004
1417	1513	0.000004
1418	1152	0.000004
1419	2078	0.000004
1420	1369	0.000004
1421	374	0.000004
1422	709	0.000004
1423	1429	0.000004
1424	1140	0.000004
1425	898	0.000004
1426	2482	0.000004
1427	2095	0.000004
1428	1881	0.000004
1429	1747	0.000004
1430	1787	0.000004
1431	1458	0.000004
1432	1179	0.000004
1433	1428	0.000004
1434	827	0.000004
1435	1659	0.000004
1436	1675	0.000004
1437	1316	0.000003
1438	896	0.000003
1439	304	0.000003
1440	1741	0.000003
1441	2034	0.000003
1442	1788	0.000003
1443	1109	0.000003
1444	1732	0.000003
1445	354	0.000003
1446	2557	0.000003
1447	1220	0.000003
1448	1528	0.000003
1449	1556	0.000003
1450	549	0.000003
1451	1810	0.000003
1452	295	0.000003
1453	2619	0.000003
1454	1868	0.000003
1455	2064	0.000003
1456	727	0.000003
1457	2517	0.000003
1458	1154	0.000003
1459	1763	0.000003
1460	2054	0.000003
1461	870	0.000003
1462	1631	0.000003
1463	308	0.000003
1464	699	0.000003
1465	1071	0.000003
1466	1231	0.000003
1467	2177	0.000003
1468	2289	0.000003
1469	2520	0.000003
1470	1243	0.000003
1471	2623	0.000003
1472	1619	0.000003
1473	1610	0.000003
1474	1128	0.000003
1475	2534	0.000003
1476	1512	0.000003
1477	1629	0.000003
1478	2105	0.000003
1479	1184	0.000003
1480	1439	0.000003
1481	717	0.000003
1482	1922	0.000003
1483	877	0.000003
1484	1958	0.000003
1485	44	0.000003
1486	1549	0.000003
1487	1647	0.000003
1488	1057	0.000003
1489	1448	0.000003
1490	357	0.000003
1491	1684	0.000003
1492	1711	0.000003
1493	638	0.000003
1494	2094	0.000003
1495	595	0.000003
1496	1843	0.000003
1497	2121	0.000003
1498	2545	0.000003
1499	632	0.000003
1500	1086	0.000003
1501	666	0.000003
1502	1081	0.000003
1503	443	0.000003
1504	1882	0.000003
1505	1885	0.000003
1506	1530	0.000003
1507	379	0.000003
1508	936	0.000003
1509	435	0.000003
1510	2563	0.000003
1511	1648	0.000003
1512	546	0.000003
1513	121	0.000003
1514	86	0.000003
1515	1353	0.000003
1516	2487	0.000003
1517	961	0.000003
1518	1739	0.000003
1519	1262	0.000003
1520	978	0.000003
1521	2501	0.000003
1522	75	0.000003
1523	1850	0.000003
1524	591	0.000003
1525	57	0.000003
1526	202	0.000003
1527	261	0.000003
1528	1453	0.000003
1529	498	0.000003
1530	327	0.000003
1531	514	0.000003
1532	41	0.000003
1533	562	0.000003
1534	469	0.000003
1535	2385	0.000003
1536	1396	0.000003
1537	1855	0.000003
1538	1520	0.000003
1539	1964	0.000003
1540	448	0.000003
1541	495	0.000003
1542	1132	0.000003
1543	993	0.000003
1544	903	0.000003
1545	2316	0.000003
1546	2311	0.000003
1547	2367	0.000003
1548	454	0.000003
1549	713	0.000003
1550	39	0.000003
1551	2493	0.000003
1552	1970	0.000003
1553	1990	0.000003
1554	1176	0.000003
1555	2195	0.000003
1556	1767	0.000003
1557	135	0.000003
1558	1538	0.000003
1559	1341	0.000003
1560	869	0.000003
1561	2319	0.000003
1562	2277	0.000003
1563	445	0.000003
1564	1365	0.000003
1565	1567	0.000003
1566	1678	0.000003
1567	1801	0.000003
1568	2362	0.000003
1569	1359	0.000003
1570	262	0.000003
1571	2366	0.000003
1572	456	0.000003
1573	939	0.000003
1574	1145	0.000003
1575	1668	0.000003
1576	1978	0.000003
1577	1172	0.000003
1578	2406	0.000003
1579	718	0.000003
1580	2405	0.000003
1581	967	0.000003
1582	2667	0.000003
1583	1820	0.000003
1584	950	0.000003
1585	2004	0.000003
1586	1182	0.000003
1587	2375	0.000003
1588	1535	0.000003
1589	2247	0.000003
1590	2641	0.000003
1591	1266	0.000003
1592	333	0.000003
1593	1345	0.000003
1594	1118	0.000003
1595	171	0.000003
1596	1878	0.000003
1597	1727	0.000003
1598	1104	0.000003
1599	1898	0.000003
1600	2368	0.000003
1601	2297	0.000003
1602	720	0.000003
1603	355	0.000003
1604	2435	0.000003
1605	928	0.000003
1606	1244	0.000003
1607	2318	0.000003
1608	838	0.000003
1609	42	0.000003
1610	2232	0.000003
1611	1817	0.000003
1612	1208	0.000003
1613	2194	0.000003
1614	1503	0.000003
1615	2200	0.000003
1616	1637	0.000003
1617	1136	0.000003
1618	1141	0.000003
1619	1874	0.000003
1620	1397	0.000003
1621	2071	0.000003
1622	1384	0.000003
1623	1196	0.000003
1624	1806	0.000003
1625	2644	0.000003
1626	1078	0.000003
1627	111	0.000003
1628	682	0.000003
1629	878	0.000003
1630	2485	0.000003
1631	1800	0.000003
1632	1278	0.000003
1633	1686	0.000003
1634	729	0.000003
1635	1929	0.000003
1636	544	0.000003
1637	2515	0.000003
1638	1301	0.000003
1639	1872	0.000003
1640	872	0.000003
1641	2620	0.000003
1642	52	0.000003
1643	1658	0.000003
1644	1134	0.000003
1645	2473	0.000003
1646	2652	0.000003
1647	1463	0.000003
1648	1833	0.000003
1649	100	0.000003
1650	579	0.000003
1651	1756	0.000003
1652	1088	0.000003
1653	2513	0.000003
1654	2158	0.000003
1655	1467	0.000003
1656	1664	0.000003
1657	339	0.000003
1658	1250	0.000003
1659	2176	0.000003
1660	615	0.000003
1661	2643	0.000003
1662	712	0.000003
1663	969	0.000003
1664	977	0.000003
1665	1909	0.000003
1666	1323	0.000003
1667	1194	0.000003
1668	1773	0.000003
1669	1643	0.000003
1670	2379	0.000003
1671	348	0.000003
1672	1094	0.000003
1673	70	0.000002
1674	1062	0.000002
1675	2024	0.000002
1676	2281	0.000002
1677	2320	0.000002
1678	1905	0.000002
1679	2424	0.000002
1680	605	0.000002
1681	2658	0.000002
1682	124	0.000002
1683	1343	0.000002
1684	1068	0.000002
1685	940	0.000002
1686	515	0.000002
1687	2553	0.000002
1688	1737	0.000002
1689	315	0.000002
1690	2481	0.000002
1691	482	0.000002
1692	786	0.000002
1693	1670	0.000002
1694	343	0.000002
1695	2636	0.000002
1696	1575	0.000002
1697	951	0.000002
1698	2584	0.000002
1699	1372	0.000002
1700	2455	0.000002
1701	1241	0.000002
1702	2384	0.000002
1703	2335	0.000002
1704	730	0.000002
1705	1775	0.000002
1706	1537	0.000002
1707	610	0.000002
1708	1198	0.000002
1709	2336	0.000002
1710	1212	0.000002
1711	805	0.000002
1712	1180	0.000002
1713	1377	0.000002
1714	1460	0.000002
1715	1793	0.000002
1716	2231	0.000002
1717	254	0.000002
1718	724	0.000002
1719	1853	0.000002
1720	485	0.000002
1721	1661	0.000002
1722	2647	0.000002
1723	271	0.000002
1724	1080	0.000002
1725	363	0.000002
1726	2466	0.000002
1727	1434	0.000002
1728	1209	0.000002
1729	1414	0.000002
1730	1116	0.000002
1731	1274	0.000002
1732	1215	0.000002
1733	1884	0.000002
1734	1604	0.000002
1735	736	0.000002
1736	2217	0.000002
1737	633	0.000002
1738	2363	0.000002
1739	639	0.000002
1740	1985	0.000002
1741	2445	0.000002
1742	1859	0.000002
1743	2562	0.000002
1744	1541	0.000002
1745	2169	0.000002
1746	98	0.000002
1747	1100	0.000002
1748	2571	0.000002
1749	2376	0.000002
1750	1816	0.000002
1751	1627	0.000002
1752	473	0.000002
1753	2648	0.000002
1754	2421	0.000002
1755	2142	0.000002
1756	1847	0.000002
1757	1987	0.000002
1758	846	0.000002
1759	2569	0.000002
1760	159	0.000002
1761	2607	0.000002
1762	2651	0.000002
1763	140	0.000002
1764	874	0.000002
1765	358	0.000002
1766	701	0.000002
1767	815	0.000002
1768	2099	0.000002
1769	2056	0.000002
1770	779	0.000002
1771	2193	0.000002
1772	569	0.000002
1773	1939	0.000002
1774	1444	0.000002
1775	753	0.000002
1776	1409	0.000002
1777	2566	0.000002
1778	2448	0.000002
1779	1342	0.000002
1780	1148	0.000002
1781	852	0.000002
1782	625	0.000002
1783	429	0.000002
1784	1311	0.000002
1785	1265	0.000002
1786	637	0.000002
1787	1735	0.000002
1788	2656	0.000002
1789	1726	0.000002
1790	2026	0.000002
1791	2577	0.000002
1792	957	0.000002
1793	1480	0.000002
1794	2259	0.000002
1795	1319	0.000002
1796	1058	0.000002
1797	848	0.000002
1798	1724	0.000002
1799	1247	0.000002
1800	1836	0.000002
1801	2272	0.000002
1802	158	0.000002
1803	793	0.000002
1804	1340	0.000002
1805	645	0.000002
1806	991	0.000002
1807	1795	0.000002
1808	299	0.000002
1809	1927	0.000002
1810	1122	0.000002
1811	691	0.000002
1812	247	0.000002
1813	840	0.000002
1814	1539	0.000002
1815	587	0.000002
1816	2249	0.000002
1817	2450	0.000002
1818	2022	0.000002
1819	1017	0.000002
1820	2250	0.000002
1821	2293	0.000002
1822	1569	0.000002
1823	1147	0.000002
1824	1399	0.000002
1825	1192	0.000002
1826	2131	0.000002
1827	670	0.000002
1828	1942	0.000002
1829	1117	0.000002
1830	2559	0.000002
1831	1413	0.000002
1832	2464	0.000002
1833	492	0.000002
1834	1075	0.000002
1835	2521	0.000002
1836	2518	0.000002
1837	660	0.000002
1838	329	0.000002
1839	1452	0.000002
1840	141	0.000002
1841	1197	0.000002
1842	1317	0.000002
1843	2338	0.000002
1844	1769	0.000002
1845	1326	0.000002
1846	184	0.000002
1847	1937	0.000002
1848	1446	0.000002
1849	1875	0.000002
1850	2603	0.000002
1851	2394	0.000002
1852	1907	0.000002
1853	1938	0.000002
1854	1551	0.000002
1855	2446	0.000002
1856	1782	0.000002
1857	1710	0.000002
1858	1079	0.000002
1859	520	0.000002
1860	1620	0.000002
1861	2219	0.000002
1862	2491	0.000002
1863	808	0.000002
1864	1652	0.000002
1865	427	0.000002
1866	2085	0.000002
1867	1007	0.000002
1868	1175	0.000002
1869	1404	0.000002
1870	1967	0.000002
1871	2011	0.000002
1872	1750	0.000002
1873	2182	0.000002
1874	1321	0.000002
1875	992	0.000002
1876	1322	0.000002
1877	2348	0.000002
1878	2224	0.000002
1879	1054	0.000002
1880	1865	0.000002
1881	994	0.000002
1882	1356	0.000002
1883	2125	0.000002
1884	1799	0.000002
1885	2023	0.000002
1886	33	0.000002
1887	1579	0.000002
1888	755	0.000002
1889	1568	0.000002
1890	904	0.000002
1891	1270	0.000002
1892	1603	0.000002
1893	2030	0.000002
1894	868	0.000002
1895	1207	0.000002
1896	1224	0.000002
1897	122	0.000002
1898	646	0.000002
1899	2522	0.000002
1900	1920	0.000002
1901	281	0.000002
1902	2205	0.000002
1903	1360	0.000002
1904	2295	0.000002
1905	2080	0.000002
1906	1933	0.000002
1907	1968	0.000002
1908	1381	0.000002
1909	289	0.000002
1910	1199	0.000002
1911	1891	0.000002
1912	1969	0.000002
1913	1989	0.000002
1914	1125	0.000002
1915	557	0.000002
1916	2572	0.000002
1917	314	0.000002
1918	1943	0.000002
1919	1084	0.000002
1920	1585	0.000002
1921	1674	0.000002
1922	1161	0.000002
1923	996	0.000002
1924	1576	0.000002
1925	1644	0.000002
1926	704	0.000002
1927	2649	0.000002
1928	1405	0.000002
1929	1410	0.000002
1930	455	0.000002
1931	2060	0.000002
1932	1143	0.000002
1933	506	0.000002
1934	1662	0.000002
1935	2006	0.000002
1936	38	0.000002
1937	2129	0.000002
1938	1395	0.000002
1939	1980	0.000002
1940	2157	0.000002
1941	1091	0.000002
1942	830	0.000002
1943	1640	0.000002
1944	2148	0.000002
1945	2146	0.000002
1946	1986	0.000002
1947	2437	0.000002
1948	2588	0.000002
1949	635	0.000002
1950	2230	0.000002
1951	2529	0.000002
1952	1507	0.000002
1953	915	0.000002
1954	1470	0.000002
1955	2284	0.000002
1956	1945	0.000002
1957	2344	0.000002
1958	640	0.000002
1959	2107	0.000002
1960	1144	0.000002
1961	2452	0.000002
1962	404	0.000002
1963	2309	0.000002
1964	1917	0.000002
1965	1811	0.000002
1966	990	0.000002
1967	2276	0.000002
1968	2092	0.000002
1969	1871	0.000002
1970	356	0.000002
1971	1038	0.000002
1972	2254	0.000002
1973	2511	0.000002
1974	2475	0.000002
1975	2516	0.000002
1976	2546	0.000002
1977	733	0.000002
1978	2133	0.000002
1979	1217	0.000002
1980	1883	0.000002
1981	1030	0.000002
1982	1210	0.000002
1983	2239	0.000002
1984	2631	0.000002
1985	2035	0.000002
1986	2594	0.000002
1987	1666	0.000002
1988	1509	0.000002
1989	410	0.000002
1990	2496	0.000002
1991	741	0.000002
1992	1540	0.000002
1993	2168	0.000002
1994	2017	0.000002
1995	2416	0.000002
1996	1130	0.000002
1997	2257	0.000002
1998	596	0.000002
1999	2662	0.000002
2000	839	0.000002
2001	2498	0.000002
2002	2196	0.000002
2003	2369	0.000002
2004	2573	0.000002
2005	1543	0.000001
2006	539	0.000001
2007	2303	0.000001
2008	2434	0.000001
2009	1866	0.000001
2010	1673	0.000001
2011	2020	0.000001
2012	2439	0.000001
2013	1594	0.000001
2014	2019	0.000001
2015	842	0.000001
2016	1431	0.000001
2017	2218	0.000001
2018	2600	0.000001
2019	2047	0.000001
2020	2237	0.000001
2021	2321	0.000001
2022	1694	0.000001
2023	938	0.000001
2024	2290	0.000001
2025	1729	0.000001
2026	1149	0.000001
2027	2548	0.000001
2028	2544	0.000001
2029	2079	0.000001
2030	2283	0.000001
2031	503	0.000001
2032	1289	0.000001
2033	1781	0.000001
2034	2390	0.000001
2035	1415	0.000001
2036	1363	0.000001
2037	1490	0.000001
2038	1160	0.000001
2039	2639	0.000001
2040	1562	0.000001
2041	1916	0.000001
2042	2395	0.000001
2043	1555	0.000001
2044	2012	0.000001
2045	2279	0.000001
2046	2492	0.000001
2047	2502	0.000001
2048	1590	0.000001
2049	2467	0.000001
2050	845	0.000001
2051	25	0.000001
2052	424	0.000001
2053	2112	0.000001
2054	1697	0.000001
2055	912	0.000001
2056	2329	0.000001
2057	767	0.000001
2058	905	0.000001
2059	1821	0.000001
2060	2365	0.000001
2061	1096	0.000001
2062	1979	0.000001
2063	2063	0.000001
2064	1193	0.000001
2065	1829	0.000001
2066	1082	0.000001
2067	2486	0.000001
2068	2540	0.000001
2069	1912	0.000001
2070	1744	0.000001
2071	681	0.000001
2072	2347	0.000001
2073	1491	0.000001
2074	849	0.000001
2075	2223	0.000001
2076	1187	0.000001
2077	998	0.000001
2078	1308	0.000001
2079	2301	0.000001
2080	2442	0.000001
2081	2050	0.000001
2082	2008	0.000001
2083	836	0.000001
2084	338	0.000001
2085	1745	0.000001
2086	1772	0.000001
2087	700	0.000001
2088	661	0.000001
2089	442	0.000001
2090	1977	0.000001
2091	2251	0.000001
2092	1126	0.000001
2093	2174	0.000001
2094	2149	0.000001
2095	2499	0.000001
2096	2438	0.000001
2097	2341	0.000001
2098	199	0.000001
2099	1374	0.000001
2100	2415	0.000001
2101	1857	0.000001
2102	1932	0.000001
2103	2410	0.000001
2104	2246	0.000001
2105	1818	0.000001
2106	1302	0.000001
2107	1584	0.000001
2108	985	0.000001
2109	2058	0.000001
2110	2192	0.000001
2111	1606	0.000001
2112	2523	0.000001
2113	2404	0.000001
2114	1867	0.000001
2115	1186	0.000001
2116	1728	0.000001
2117	1794	0.000001
2118	2372	0.000001
2119	1505	0.000001
2120	1981	0.000001
2121	2245	0.000001
2122	2441	0.000001
2123	1263	0.000001
2124	2413	0.000001
2125	2317	0.000001
2126	1392	0.000001
2127	2209	0.000001
2128	2087	0.000001
2129	2188	0.000001
2130	2555	0.000001
2131	2042	0.000001
2132	1092	0.000001
2133	1893	0.000001
2134	1581	0.000001
2135	1792	0.000001
2136	1580	0.000001
2137	1784	0.000001
2138	2202	0.000001
2139	1298	0.000001
2140	499	0.000001
2141	2666	0.000001
2142	1919	0.000001
2143	1743	0.000001
2144	1771	0.000001
2145	2505	0.000001
2146	1824	0.000001
2147	1900	0.000001
2148	54	0.000001
2149	2333	0.000001
2150	2551	0.000001
2151	1004	0.000001
2152	1016	0.000001
2153	551	0.000001
2154	2278	0.000001
2155	2265	0.000001
2156	1996	0.000001
2157	722	0.000001
2158	2457	0.000001
2159	1335	0.000001
2160	1291	0.000001
2161	2596	0.000001
2162	2098	0.000001
2163	1111	0.000001
2164	1234	0.000001
2165	888	0.000001
2166	949	0.000001
2167	1910	0.000001
2168	1656	0.000001
2169	2299	0.000001
2170	1742	0.000001
2171	43	0.000001
2172	2552	0.000001
2173	2472	0.000001
2174	1679	0.000001
2175	2270	0.000001
2176	1598	0.000001
2177	1056	0.000001
2178	2111	0.000001
2179	2057	0.000001
2180	1008	0.000001
2181	1825	0.000001
2182	1367	0.000001
2183	1707	0.000001
2184	776	0.000001
2185	508	0.000001
2186	2635	0.000001
2187	1281	0.000001
2188	50	0.000001
2189	2210	0.000001
2190	161	0.000001
2191	1941	0.000001
2192	1583	0.000001
2193	258	0.000001
2194	2324	0.000001
2195	2262	0.000001
2196	2429	0.000001
2197	483	0.000001
2198	1280	0.000001
2199	2031	0.000001
2200	2494	0.000001
2201	1757	0.000001
2202	1976	0.000001
2203	1975	0.000001
2204	987	0.000001
2205	1966	0.000001
2206	1840	0.000001
2207	2109	0.000001
2208	760	0.000001
2209	2100	0.000001
2210	2380	0.000001
2211	1564	0.000001
2212	1764	0.000001
2213	1944	0.000001
2214	1677	0.000001
2215	2488	0.000001
2216	2661	0.000001
2217	1947	0.000001
2218	1692	0.000001
2219	1256	0.000001
2220	2470	0.000001
2221	1332	0.000001
2222	2477	0.000001
2223	1826	0.000001
2224	145	0.000001
2225	2172	0.000001
2226	2185	0.000001
2227	2638	0.000001
2228	1112	0.000001
2229	501	0.000001
2230	2041	0.000001
2231	1896	0.000001
2232	937	0.000001
2233	1934	0.000001
2234	751	0.000001
2235	2598	0.000001
2236	2154	0.000001
2237	2431	0.000001
2238	563	0.000001
2239	1223	0.000001
2240	834	0.000001
2241	2611	0.000001
2242	458	0.000001
2243	1699	0.000001
2244	966	0.000001
2245	2509	0.000001
2246	2525	0.000001
2247	1924	0.000001
2248	1001	0.000001
2249	592	0.000001
2250	1219	0.000001
2251	2119	0.000001
2252	2179	0.000001
2253	2426	0.000001
2254	1862	0.000001
2255	2456	0.000001
2256	2002	0.000001
2257	2489	0.000001
2258	2637	0.000001
2259	2152	0.000001
2260	2110	0.000001
2261	2420	0.000001
2262	1646	0.000001
2263	1960	0.000001
2264	1957	0.000001
2265	2561	0.000001
2266	2586	0.000001
2267	884	0.000001
2268	1290	0.000001
2269	1485	0.000001
2270	2453	0.000001
2271	2541	0.000001
2272	2378	0.000001
2273	2408	0.000001
2274	2371	0.000001
2275	2118	0.000001
2276	2261	0.000001
2277	481	0.000001
2278	1248	0.000001
2279	2275	0.000001
2280	2212	0.000001
2281	2044	0.000001
2282	1206	0.000001
2283	2083	0.000001
2284	835	0.000001
2285	1838	0.000001
2286	104	0.000001
2287	2048	0.000001
2288	519	0.000001
2289	2361	0.000001
2290	1890	0.000001
2291	1785	0.000001
2292	1456	0.000001
2293	1719	0.000001
2294	2180	0.000001
2295	146	0.000001
2296	679	0.000001
2297	935	0.000001
2298	2037	0.000001
2299	2127	0.000001
2300	292	0.000001
2301	1988	0.000001
2302	1886	0.000001
2303	2542	0.000001
2304	2208	0.000001
2305	1339	0.000001
2306	1994	0.000001
2307	2081	0.000001
2308	2150	0.000001
2309	1687	0.000001
2310	1408	0.000001
2311	600	0.000001
2312	2165	0.000001
2313	2162	0.000001
2314	2206	0.000001
2315	2220	0.000001
2316	887	0.000001
2317	2436	0.000001
2318	2460	0.000001
2319	643	0.000001
2320	1951	0.000001
2321	1888	0.000001
2322	2114	0.000001
2323	1276	0.000001
2324	1931	0.000001
2325	618	0.000001
2326	715	0.000001
2327	2068	0.000001
2328	2198	0.000001
2329	290	0.000001
2330	1870	0.000001
2331	2304	0.000001
2332	105	0.000001
2333	2580	0.000001
2334	2414	0.000001
2335	901	0.000001
2336	820	0.000001
2337	1519	0.000001
2338	326	0.000001
2339	680	0.000001
2340	1087	0.000001
2341	2581	0.000001
2342	2305	0.000001
2343	1911	0.000001
2344	2595	0.000001
2345	2454	0.000001
2346	2055	0.000001
2347	412	0.000001
2348	2468	0.000001
2349	1570	0.000001
2350	2377	0.000001
2351	1807	0.000001
2352	2356	0.000001
2353	1762	0.000001
2354	2013	0.000001
2355	2401	0.000001
2356	1487	0.000001
2357	2089	0.000001
2358	353	0.000001
2359	2187	0.000001
2360	2554	0.000001
2361	2646	0.000001
2362	2624	0.000001
2363	1897	0.000001
2364	524	0.000001
2365	1935	0.000001
2366	1450	0.000001
2367	1813	0.000001
2368	2314	0.000001
2369	2383	0.000001
2370	1327	0.000001
2371	2532	0.000001
2372	1854	0.000001
2373	203	0.000001
2374	1498	0.000001
2375	283	0.000001
2376	2655	0.000001
2377	1597	0.000001
2378	309	0.000001
2379	2228	0.000001
2380	2260	0.000001
2381	1548	0.000001
2382	2387	0.000001
2383	1786	0.000001
2384	2221	0.000001
2385	1151	0.000001
2386	2256	0.000001
2387	1953	0.000001
2388	1636	0.000001
2389	1245	0.000001
2390	1544	0.000001
2391	1440	0.000001
2392	2423	0.000001
2393	2038	0.000001
2394	2503	0.000001
2395	1090	0.000001
2396	2531	0.000001
2397	2443	0.000001
2398	1481	0.000001
2399	1435	0.000001
2400	2292	0.000001
2401	474	0.000001
2402	1841	0.000001
2403	1454	0.000001
2404	2021	0.000001
2405	2425	0.000001
2406	2015	0.000001
2407	138	0.000001
2408	944	0.000001
2409	630	0.000001
2410	93	0.000001
2411	2075	0.000001
2412	1237	0.000001
2413	359	0.000001
2414	651	0.000001
2415	2273	0.000001
2416	1423	0.000001
2417	1832	0.000001
2418	2349	0.000001
2419	2524	0.000001
2420	1759	0.000001
2421	2306	0.000001
2422	1798	0.000001
2423	1320	0.000001
2424	2216	0.000001
2425	2346	0.000001
2426	731	0.000001
2427	2238	0.000001
2428	2630	0.000001
2429	2659	0.000001
2430	2574	0.000001
2431	2459	0.000001
2432	1892	0.000001
2433	1253	0.000001
2434	2113	0.000001
2435	979	0.000001
2436	2108	0.000001
2437	658	0.000001
2438	2178	0.000001
2439	1723	0.000001
2440	2463	0.000001
2441	1582	0.000001
2442	2570	0.000001
2443	1135	0.000001
2444	1550	0.000001
2445	2102	0.000001
2446	2166	0.000001
2447	1815	0.000001
2448	810	0.000001
2449	298	0.000001
2450	1566	0.000001
2451	2291	0.000001
2452	1211	0.000001
2453	1120	0.000001
2454	2103	0.000001
2455	2587	0.000001
2456	2147	0.000001
2457	564	0.000001
2458	1131	0.000000
2459	1860	0.000000
2460	2465	0.000000
2461	2616	0.000000
2462	1457	0.000000
2463	2506	0.000000
2464	594	0.000000
2465	1760	0.000000
2466	2599	0.000000
2467	1257	0.000000
2468	1630	0.000000
2469	769	0.000000
2470	2536	0.000000
2471	2359	0.000000
2472	2313	0.000000
2473	1536	0.000000
2474	1036	0.000000
2475	463	0.000000
2476	2115	0.000000
2477	2326	0.000000
2478	2141	0.000000
2479	2280	0.000000
2480	2386	0.000000
2481	1438	0.000000
2482	650	0.000000
2483	364	0.000000
2484	2615	0.000000
2485	1839	0.000000
2486	2474	0.000000
2487	2137	0.000000
2488	1972	0.000000
2489	1705	0.000000
2490	2407	0.000000
2491	1455	0.000000
2492	169	0.000000
2493	2382	0.000000
2494	1776	0.000000
2495	491	0.000000
2496	2625	0.000000
2497	1995	0.000000
2498	2604	0.000000
2499	2181	0.000000
2500	1845	0.000000
2501	2139	0.000000
2502	1780	0.000000
2503	1103	0.000000
2504	2642	0.000000
2505	1433	0.000000
2506	2128	0.000000
2507	2339	0.000000
2508	1758	0.000000
2509	2462	0.000000
2510	1709	0.000000
2511	53	0.000000
2512	2627	0.000000
2513	2204	0.000000
2514	1955	0.000000
2515	1823	0.000000
2516	2308	0.000000
2517	2663	0.000000
2518	1873	0.000000
2519	2003	0.000000
2520	566	0.000000
2521	2090	0.000000
2522	2660	0.000000
2523	2576	0.000000
2524	1725	0.000000
2525	2579	0.000000
2526	2312	0.000000
2527	599	0.000000
2528	1272	0.000000
2529	1156	0.000000
2530	1812	0.000000
2531	2189	0.000000
2532	2298	0.000000
2533	981	0.000000
2534	1296	0.000000
2535	657	0.000000
2536	2337	0.000000
2537	2391	0.000000
2538	2471	0.000000
2539	1921	0.000000
2540	1123	0.000000
2541	1312	0.000000
2542	2252	0.000000
2543	2364	0.000000
2544	1667	0.000000
2545	1738	0.000000
2546	2617	0.000000
2547	1876	0.000000
2548	2565	0.000000
2549	2360	0.000000
2550	1518	0.000000
2551	1613	0.000000
2552	2045	0.000000
2553	1506	0.000000
2554	1700	0.000000
2555	2173	0.000000
2556	1913	0.000000
2557	361	0.000000
2558	1611	0.000000
2559	1138	0.000000
2560	2495	0.000000
2561	2327	0.000000
2562	2578	0.000000
2563	2567	0.000000
2564	2654	0.000000
2565	2653	0.000000
2566	2018	0.000000
2567	2065	0.000000
2568	1014	0.000000
2569	1607	0.000000
2570	1271	0.000000
2571	2510	0.000000
2572	2564	0.000000
2573	2428	0.000000
2574	2144	0.000000
2575	1751	0.000000
2576	2167	0.000000
2577	2490	0.000000
2578	1708	0.000000
2579	2009	0.000000
2580	2645	0.000000
2581	1899	0.000000
2582	2258	0.000000
2583	2106	0.000000
2584	1299	0.000000
2585	2093	0.000000
2586	1085	0.000000
2587	1325	0.000000
2588	2227	0.000000
2589	2533	0.000000
2590	754	0.000000
2591	320	0.000000
2592	2014	0.000000
2593	873	0.000000
2594	883	0.000000
2595	2170	0.000000
2596	2417	0.000000
2597	2628	0.000000
2598	2664	0.000000
2599	2507	0.000000
2600	1214	0.000000
2601	2243	0.000000
2602	2211	0.000000
2603	2307	0.000000
2604	2612	0.000000
2605	1178	0.000000
2606	447	0.000000
2607	1188	0.000000
2608	2067	0.000000
2609	2480	0.000000
2610	96	0.000000
2611	2602	0.000000
2612	2225	0.000000
2613	2222	0.000000
2614	2370	0.000000
2615	362	0.000000
2616	2397	0.000000
2617	1715	0.000000
2618	529	0.000000
2619	2043	0.000000
2620	2334	0.000000
2621	2634	0.000000
2622	365	0.000000
2623	1625	0.000000
2624	2201	0.000000
2625	2508	0.000000
2626	230	0.000000
2627	337	0.000000
2628	2640	0.000000
2629	2514	0.000000
2630	1963	0.000000
2631	2086	0.000000
2632	988	0.000000
2633	162	0.000000
2634	2610	0.000000
2635	590	0.000000
2636	2665	0.000000
2637	1114	0.000000
2638	1768	0.000000
2639	1961	0.000000
2640	1391	0.000000
2641	2614	0.000000
2642	1718	0.000000
2643	2263	0.000000
2644	507	0.000000
2645	1828	0.000000
2646	1002	0.000000
2647	1473	0.000000
2648	1390	0.000000
2649	2046	0.000000
2650	1292	0.000000
2651	1698	0.000000
2652	2199	0.000000
2653	2451	0.000000
2654	2373	0.000000
2655	2226	0.000000
2656	1486	0.000000
2657	2300	0.000000
2658	1573	0.000000
2659	2582	0.000000
2660	1181	0.000000
2661	345	0.000000
2662	2340	0.000000
2663	1894	0.000000
2664	2398	0.000000
2665	589	0.000000
2666	2601	0.000000
2667	2504	0.000000
2668	588	0.000000
2669	2583	0.000000
2670	1560	0.000000
2671	2597	0.000000
2672	2657	0.000000
2673	598	0.000000
2674	2253	0.000000
2675	2374	0.000000
2676	2427	0.000000
2677	1309	0.000000
2678	2145	0.000000
2679	1680	0.000000
2680	2049	0.000000
2681	287	0.000000
2682	2550	0.000000
2683	1984	0.000000
2684	1783	0.000000
2685	2287	0.000000
2686	586	0.000000
2687	2066	0.000000
2688	2458	0.000000
2689	2543	0.000000
2690	1856	0.000000
2691	2234	0.000000
2692	2381	0.000000
2693	2633	0.000000
2694	2151	0.000000
2695	2029	0.000000
2696	2626	0.000000
2697	2632	0.000000
2698	2585	0.000000
2699	422	0.000000
2700	703	0.000000
2701	2575	0.000000
2702	1026	0.000000
2703	2530	0.000000
2704	565	0.000000
2705	2399	0.000000
2706	2497	0.000000
2707	2685	0.000000
2708	All-Neighbor BSIC (Num) (Sorted)[6]	0.000000
2709	All-Neighbor ARFCN (Sorted)[2]	0.000000
2710	All-Neighbor ARFCN (Sorted)[1]	0.000000
2711	2684	0.000000
2712	All-Neighbor BSIC (Num) (Sorted)[5]	0.000000
2713	All-MS TxPower (dBm)	0.000000
2714	All-Neighbor BSIC (Num) (Sorted)[3]	0.000000
2715	All-Neighbor BSIC (Num) (Sorted)[2]	0.000000
2716	All-Neighbor BSIC (Num) (Sorted)[1]	0.000000
2717	2683	0.000000
2718	All-RxQual Sub	0.000000
2719	All-RxQual Full	0.000000
2720	All-ARFCN BCCH	0.000000
2721	All-Neighbor BSIC (Num) (Sorted)[4]	0.000000
2722	2682	0.000000
2723	2674	0.000000
2724	2680	0.000000
2725	All-Neighbor ARFCN (Sorted)[6]	0.000000
2726	All-Neighbor ARFCN (Sorted)[5]	0.000000
2727	All-Neighbor ARFCN (Sorted)[3]	0.000000
2728	All-Neighbor ARFCN (Sorted)[4]	0.000000
2729	2668	0.000000
2730	2669	0.000000
2731	2670	0.000000
2732	2671	0.000000
2733	2672	0.000000
2734	2673	0.000000
2735	2675	0.000000
2736	2676	0.000000
2737	2677	0.000000
2738	2678	0.000000
2739	2679	0.000000
2740	2681	0.000000
2741	All-BSIC (Num)	0.000000

