121.448955,31.192263
121.448959,31.192269
121.448961,31.192270
121.448954,31.192265
121.448947,31.192260
121.448948,31.192263
121.448945,31.192260
121.448945,31.192260
121.448948,31.192261
121.448946,31.192260
121.448954,31.192264
121.448950,31.192261
121.448989,31.192282
121.448947,31.192260
121.448958,31.192266
121.448981,31.192286
121.448958,31.192266
121.448956,31.192264
121.448958,31.192273
121.448954,31.192264
121.448953,31.192263
121.448964,31.192271
121.448964,31.192268
121.448974,31.192277
121.448957,31.192265
121.448946,31.192260
121.448965,31.192285
121.448998,31.192326
121.448958,31.192280
121.448958,31.192278
121.448961,31.192267
121.448961,31.192267
121.448960,31.192268
121.448945,31.192274
121.448954,31.192263
121.448955,31.192270
121.448961,31.192270
121.448949,31.192261
121.448955,31.192264
121.448954,31.192264
121.448955,31.192264
121.448961,31.192268
121.448965,31.192270
121.448952,31.192263
121.448967,31.192270
121.448987,31.192290
121.448946,31.192260
121.448965,31.192270
121.448953,31.192263
121.448963,31.192281
121.448956,31.192264
121.448944,31.192259
121.448959,31.192266
121.448957,31.192266
121.448949,31.192268
121.448959,31.192272
121.448952,31.192263
121.448957,31.192266
121.448953,31.192263
121.448955,31.192264
121.448964,31.192286
121.448963,31.192286
121.448965,31.192292
121.448960,31.192276
121.448960,31.192276
121.448953,31.192263
121.448959,31.192269
121.448968,31.192293
121.448963,31.192277
121.448970,31.192294
121.448959,31.192272
121.448953,31.192263
121.448958,31.192266
121.448957,31.192266
121.448959,31.192272
121.448961,31.192278
121.448959,31.192279
121.449061,31.192424
121.449266,31.192972
121.449364,31.193037
121.449368,31.193107
121.449337,31.193055
121.449349,31.193067
121.449334,31.192976
121.449375,31.193071
121.449403,31.193036
121.449395,31.193065
121.449370,31.193065
121.449375,31.193079
121.447961,31.193937
121.446279,31.194610
121.445055,31.194836
121.445435,31.194922
121.445432,31.195003
121.445675,31.195086
121.445745,31.195101
121.445431,31.195015
121.445460,31.194995
121.445544,31.195021
121.445736,31.195139
121.445685,31.195096
121.445667,31.195109
121.445535,31.195030
121.446336,31.194644
121.447675,31.193408
121.448883,31.192360
121.448967,31.192271
121.448960,31.192276
121.448956,31.192271
121.448957,31.192271
121.448963,31.192286
121.448968,31.192294
121.448963,31.192286
121.447961,31.193493
121.446517,31.194726
121.445381,31.195009
121.445226,31.194897
121.445304,31.194920
121.445330,31.194989
121.445240,31.194938
121.445122,31.194857
121.445088,31.194866
121.445049,31.194890
121.445057,31.194873
121.446101,31.194630
121.447741,31.194009
121.449299,31.193148
121.449283,31.193151
121.449259,31.193113
121.449281,31.193083
121.449275,31.193131
121.449306,31.193122
121.449279,31.193105
121.449267,31.193109
121.448084,31.193952
121.446372,31.194581
121.445153,31.194905
121.445253,31.194917
121.445492,31.195026
121.445446,31.195011
121.445490,31.195021
121.445485,31.195023
121.445715,31.195104
121.445758,31.195109
121.445724,31.195122
121.445810,31.195108
121.445690,31.195101
121.445635,31.195108
121.445840,31.195110
121.445807,31.195115
121.445849,31.195135
121.445563,31.195031
121.445501,31.195032
121.445613,31.195048
121.445585,31.195019
121.445579,31.194997
121.445574,31.195028
121.445807,31.195110
121.445709,31.195110
121.445870,31.195129
121.445819,31.195143
121.445760,31.195089
121.445647,31.195099
121.445722,31.195113
121.445753,31.195111
121.445810,31.195089
121.445702,31.195128
121.445826,31.195123
121.445715,31.195105
121.445763,31.195123
121.445728,31.195094
121.445825,31.195106
121.445772,31.195096
121.445828,31.195108
121.445669,31.195106
121.445766,31.195099
121.445681,31.195091
121.445680,31.195098
121.445708,31.195100
121.445687,31.195127
121.445811,31.195095
121.445805,31.195101
121.445690,31.195125
121.445731,31.195085
121.445805,31.195095
121.445791,31.195097
121.445748,31.195096
121.445700,31.195128
121.445748,31.195137
121.445691,31.195134
121.445819,31.195103
121.445753,31.195112
121.445789,31.195109
121.445723,31.195135
121.445842,31.195167
121.445872,31.195130
121.445761,31.195118
121.445832,31.195112
121.445711,31.195135
121.445693,31.195104
121.445841,31.195116
121.445739,31.195094
121.445833,31.195121
121.445685,31.195109
121.445820,31.195124
121.445694,31.195111
121.445844,31.195100
121.445764,31.195083
121.445902,31.195143
121.445750,31.195123
121.445700,31.195104
121.445772,31.195101
121.445789,31.195125
121.445760,31.195108
121.445823,31.195090
121.445677,31.195081
121.445699,31.195131
121.445808,31.195115
121.445735,31.195094
121.445666,31.195110
121.445788,31.195096
121.445873,31.195116
121.445735,31.195123
121.445749,31.195083
121.445788,31.195124
121.445780,31.195109
121.445753,31.195087
121.445772,31.195121
121.445627,31.195066
121.445717,31.195079
121.445750,31.195096
121.445761,31.195118
121.445727,31.195065
121.445855,31.195088
121.445666,31.195095
121.445784,31.195095
121.445772,31.195104
121.446564,31.194784
121.448095,31.194018
121.449305,31.193147
121.449309,31.193112
121.449304,31.193103
121.449307,31.193107
121.449319,31.193121
121.449284,31.193113
121.449275,31.193128
121.449313,31.193058
121.447893,31.194025
121.446151,31.194639
121.445051,31.194885
121.445417,31.194959
121.445358,31.194974
121.445618,31.195024
121.445338,31.194941
121.445316,31.194936
121.445226,31.194871
121.445364,31.194909
121.445560,31.195024
121.445668,31.195082
121.445552,31.195068
121.445342,31.194950
121.445407,31.194911
121.445396,31.194938
121.446390,31.194678
121.447659,31.193411
121.448976,31.192294
121.448964,31.192270
121.449029,31.192352
121.448983,31.192300
121.449009,31.192321
121.449024,31.192333
121.448968,31.192291
121.448996,31.192308
121.449046,31.192343
121.448984,31.192316
121.447821,31.193552
121.446263,31.194616
121.445082,31.194895
121.445239,31.194925
121.445497,31.195058
121.445670,31.195136
121.445628,31.195094
121.445811,31.195112
121.445512,31.195070
121.445479,31.195028
121.445602,31.195031
121.445700,31.195133
121.445828,31.195119
121.445666,31.195119
121.445813,31.195137
121.445722,31.195131
121.445690,31.195115
121.445879,31.195123
121.445814,31.195132
121.445729,31.195106
121.445761,31.195170
121.445739,31.195126
121.445764,31.195124
121.445747,31.195135
121.445715,31.195133
121.445745,31.195147
121.445755,31.195158
121.445713,31.195126
121.445700,31.195141
121.445796,31.195161
121.445781,31.195185
121.445747,31.195143
121.445791,31.195158
121.445778,31.195151
121.445026,31.195033
121.443911,31.195064
121.443081,31.195040
121.443469,31.195059
121.443530,31.195103
121.443423,31.195062
121.443406,31.195062
121.443653,31.195090
121.443578,31.195059
121.443455,31.195073
121.443229,31.195056
121.443387,31.195140
121.443383,31.195139
121.443291,31.195016
121.443551,31.195035
121.443592,31.195061
121.443533,31.195050
121.443505,31.195080
121.443230,31.195028
121.443207,31.195022
121.443396,31.195073
121.443302,31.195053
121.443276,31.195045
121.443530,31.195079
121.443458,31.195060
121.443533,31.195099
121.443561,31.195027
121.443388,31.195052
121.443368,31.195004
121.443438,31.194981
121.443510,31.194988
121.443484,31.195014
121.443509,31.195060
121.443456,31.195047
121.443480,31.195016
121.443423,31.195064
121.443318,31.195034
121.443524,31.195046
121.443456,31.195039
121.443282,31.195052
121.443358,31.195028
121.443329,31.195034
121.443349,31.195043
121.443452,31.195022
121.443470,31.195070
121.443321,31.195021
121.443338,31.194997
121.443422,31.195086
121.443337,31.195021
121.443283,31.195047
121.443368,31.195122
121.443241,31.195056
121.443396,31.195087
121.443250,31.195042
121.443207,31.195072
121.443306,31.195120
121.443375,31.195110
121.443162,31.195057
121.443243,31.195074
121.443219,31.195050
121.443258,31.195039
121.443190,31.195055
121.443260,31.195036
121.443176,31.195051
121.443269,31.195012
121.443171,31.195051
121.443261,31.195021
121.443265,31.195026
121.443248,31.195029
121.443283,31.195014
121.443239,31.195038
121.443244,31.195032
121.443368,31.195084
121.443354,31.195012
121.443347,31.195001
121.443308,31.194976
121.443308,31.195036
121.443263,31.195056
121.443326,31.195038
121.443301,31.194971
121.443307,31.194998
121.443397,31.194988
121.443364,31.195012
121.443286,31.195002
121.443353,31.195011
121.443296,31.195010
121.443360,31.194983
121.443286,31.194966
121.443335,31.195032
121.443465,31.194962
121.443456,31.195007
121.443451,31.194961
121.443482,31.195000
121.443276,31.195008
121.443287,31.195022
121.443328,31.195003
121.443341,31.195024
121.443359,31.195008
121.443424,31.194986
121.443404,31.194997
121.443439,31.194992
121.443428,31.195007
121.443401,31.194970
121.443558,31.195045
121.443420,31.195032
121.443464,31.194968
121.443572,31.195003
121.443405,31.194950
121.443388,31.194950
121.443353,31.195033
121.443380,31.195048
121.443359,31.195020
121.443483,31.195055
121.443311,31.195002
121.443415,31.195020
121.443435,31.194975
121.443413,31.195004
121.443352,31.195010
121.443377,31.195069
121.443281,31.194990
121.443415,31.195028
121.443467,31.194987
121.443552,31.195043
121.443552,31.195017
121.443513,31.194986
121.443368,31.194983
121.443571,31.195036
121.443554,31.195009
121.443405,31.194986
121.443533,31.195019
121.443570,31.195008
121.443381,31.194934
121.443586,31.194997
121.443535,31.195008
121.443562,31.195000
121.443497,31.194993
121.443592,31.195008
121.443479,31.195018
121.443538,31.195001
121.443563,31.195005
121.443539,31.194999
121.443553,31.195014
121.443476,31.194960
121.443557,31.194986
121.443448,31.194989
121.443379,31.195002
121.443466,31.195031
121.443418,31.194977
121.443479,31.195037
121.443401,31.195007
121.443485,31.195034
121.443401,31.194975
121.443402,31.195039
121.443252,31.195030
121.443314,31.195009
121.443380,31.195014
121.443421,31.195028
121.443411,31.194984
121.443594,31.195024
121.443507,31.194995
121.443382,31.194961
121.443536,31.194984
121.443527,31.195012
121.443551,31.195014
121.443445,31.195002
121.443439,31.195049
121.443515,31.195010
121.443438,31.195026
121.443364,31.195042
121.443451,31.195056
121.443302,31.195006
121.443427,31.195012
121.443445,31.195023
121.443541,31.195038
121.443429,31.195014
121.443357,31.195030
121.443433,31.195029
121.443449,31.195033
121.443558,31.195020
121.443433,31.195010
121.443406,31.194996
121.443350,31.194988
121.443380,31.195027
121.443308,31.195064
121.443350,31.195039
121.443452,31.195061
121.443345,31.194987
121.443202,31.195048
121.443265,31.195013
121.443461,31.194976
121.443364,31.194966
121.443472,31.194856
121.443493,31.194864
121.443395,31.194864
121.443475,31.194923
121.443331,31.195026
121.443374,31.195031
121.443448,31.195033
121.443443,31.194993
121.443394,31.194979
121.443407,31.194957
121.443469,31.194992
121.443487,31.194999
121.443517,31.195013
121.443447,31.194957
121.443510,31.194931
121.443702,31.194903
121.443552,31.194918
121.443496,31.194896
121.443652,31.194906
121.443520,31.194934
121.443540,31.194968
121.443500,31.194978
121.443613,31.194980
121.443431,31.194918
121.443508,31.194976
121.443367,31.194951
121.443369,31.195001
121.443406,31.195007
121.443432,31.195002
121.443422,31.195006
121.443476,31.194999
121.443381,31.195009
121.443428,31.195019
121.443420,31.194985
121.443438,31.195028
121.443461,31.195015
121.443493,31.195039
121.443402,31.195023
121.443330,31.195026
121.443460,31.195018
121.443415,31.195023
121.443363,31.195040
121.443321,31.195034
121.443422,31.195023
121.443533,31.194985
121.443477,31.194989
121.443511,31.194948
121.443413,31.194924
121.443584,31.194931
121.443459,31.194913
121.443564,31.194915
121.443468,31.194937
121.443451,31.194949
121.443451,31.195021
121.443514,31.194987
121.443555,31.194944
121.443472,31.194890
121.443500,31.194908
121.443405,31.194902
121.443466,31.194890
121.443551,31.194898
121.443595,31.194905
121.443455,31.194911
121.443454,31.194933
121.443454,31.194909
121.443463,31.194902
121.443410,31.194886
121.443429,31.194896
121.443519,31.194913
121.443465,31.194901
121.443391,31.194893
121.443467,31.194969
121.443409,31.195021
121.443484,31.195005
121.443501,31.195037
121.443634,31.194996
121.443425,31.195036
121.443363,31.194986
121.443314,31.195001
121.443462,31.195005
121.443470,31.195056
121.443261,31.194993
121.443404,31.194982
121.443529,31.194913
121.443321,31.194931
121.443387,31.194971
121.443484,31.195003
121.443468,31.194955
121.443522,31.195004
121.443432,31.195015
121.443586,31.194969
121.443534,31.194993
121.443585,31.194965
121.443709,31.194912
121.443729,31.194868
121.443746,31.194887
121.443603,31.194973
121.443622,31.195039
121.443509,31.195033
121.443392,31.195014
121.443500,31.195018
121.443503,31.194988
121.443565,31.195039
121.443481,31.195017
121.443496,31.195029
121.443421,31.195056
121.443334,31.194965
121.443516,31.195008
121.443447,31.195014
121.443445,31.194982
121.443588,31.195047
121.443555,31.194998
121.443576,31.195037
121.443586,31.195031
121.443581,31.195063
121.443402,31.195017
121.443405,31.195030
121.443437,31.195020
121.443292,31.195013
121.443124,31.195088
121.443151,31.195125
121.443115,31.195048
121.443154,31.195048
121.443188,31.195080
121.443122,31.195026
121.443200,31.195035
121.443292,31.194997
121.443146,31.195044
121.443167,31.195050
121.443222,31.195041
121.443097,31.195040
121.443077,31.195042
121.443075,31.195043
121.443070,31.195057
121.443133,31.195048
121.443088,31.195063
121.443182,31.195019
121.443107,31.195007
121.443120,31.195016
121.443072,31.195030
121.443116,31.195032
121.443063,31.195070
121.443188,31.195026
121.443156,31.195009
121.443098,31.194996
121.443090,31.195003
121.443032,31.195007
121.443103,31.195026
121.443056,31.195016
121.443072,31.194993
121.443160,31.195024
121.443085,31.195043
121.443043,31.195048
121.443107,31.195063
121.443161,31.195018
121.443020,31.195043
121.443035,31.195055
121.443201,31.195032
121.443140,31.195016
121.443224,31.194991
121.443386,31.195028
121.443373,31.195021
121.443096,31.194949
121.443080,31.194969
121.443338,31.195020
121.443363,31.195007
121.443075,31.194951
121.443098,31.194950
121.443089,31.194948
121.443274,31.195012
121.443164,31.194963
121.443079,31.194964
121.443072,31.194953
121.443754,31.194951
121.444782,31.194851
121.445012,31.194809
121.445072,31.194807
121.445055,31.194845
121.445032,31.194848
121.445013,31.194813
121.445113,31.194832
121.445062,31.194819
121.444980,31.194798
121.445051,31.194819
121.445040,31.194831
121.444956,31.194807
121.445016,31.194837
121.445053,31.194806
121.444977,31.194787
121.445075,31.194839
121.444940,31.194781
121.445045,31.194803
121.445029,31.194796
121.444989,31.194778
121.444976,31.194798
121.445033,31.194809
121.445007,31.194841
121.444887,31.194766
121.445146,31.194858
121.444983,31.194754
121.444973,31.194795
121.444989,31.194793
121.445121,31.194829
121.444986,31.194817
121.445082,31.194823
121.444980,31.194783
121.445026,31.194818
121.444924,31.194774
121.444984,31.194764
121.445052,31.194823
121.445006,31.194829
121.445053,31.194817
121.445079,31.194844
121.445084,31.194838
121.445079,31.194802
121.444967,31.194786
121.445003,31.194816
121.445025,31.194815
121.445036,31.194785
121.445108,31.194824
121.445065,31.194793
121.444953,31.194784
121.445109,31.194786
121.445044,31.194828
121.445055,31.194797
121.445028,31.194807
121.444998,31.194795
121.445018,31.194824
121.444989,31.194806
121.445009,31.194804
121.445041,31.194803
121.445086,31.194821
121.444953,31.194811
121.444843,31.194752
121.445076,31.194840
121.444958,31.194828
121.445037,31.194848
121.445052,31.194842
121.445039,31.194847
121.445035,31.194840
121.444909,31.194780
121.445031,31.194839
121.445048,31.194828
121.445020,31.194846
121.444956,31.194773
121.444955,31.194762
121.445018,31.194770
121.445066,31.194827
121.444914,31.194785
121.444921,31.194801
121.444879,31.194783
121.444966,31.194780
121.445092,31.194825
121.445030,31.194802
121.444881,31.194756
121.445103,31.194826
121.444953,31.194786
121.444983,31.194752
121.444980,31.194754
121.445068,31.194817
121.445056,31.194823
121.444868,31.194732
121.444911,31.194783
121.445006,31.194755
121.444873,31.194751
121.444961,31.194794
121.444878,31.194730
121.444881,31.194741
121.444924,31.194761
121.444901,31.194738
121.444985,31.194769
121.444954,31.194756
121.444904,31.194766
121.444926,31.194792
121.445007,31.194816
121.444943,31.194757
121.444862,31.194746
121.444870,31.194728
121.444971,31.194744
121.445098,31.194787
121.445123,31.194748
121.444980,31.194768
121.445031,31.194776
121.444956,31.194732
121.444876,31.194740
121.444876,31.194738
121.444897,31.194749
121.444988,31.194780
121.444462,31.195084
121.443758,31.195488
121.443448,31.195784
121.443424,31.195450
121.443524,31.195256
121.443435,31.195382
121.443337,31.195560
121.443289,31.195822
121.443306,31.195758
121.443411,31.195443
121.443496,31.195207
121.443464,31.195290
121.443414,31.195165
121.443398,31.195578
121.443357,31.195510
121.443362,31.195771
121.443415,31.195800
121.443413,31.195790
121.443383,31.195815
121.443382,31.195810
121.443436,31.195758
121.443414,31.195819
121.443317,31.195801
121.443385,31.195803
121.443349,31.195774
121.443366,31.195417
121.443453,31.195587
121.443394,31.195167
121.443473,31.195560
121.443420,31.195177
121.443473,31.195243
121.443516,31.194986
121.443455,31.195309
121.443528,31.195228
121.443454,31.195608
121.443428,31.195510
121.443384,31.195767
121.443412,31.195815
121.443472,31.195815
121.443375,31.195773
121.443495,31.195460
121.443513,31.195213
121.443626,31.195025
121.443373,31.195297
121.443505,31.195145
121.443569,31.195285
121.443412,31.194943
121.443489,31.194949
121.443427,31.195304
121.443410,31.195507
121.443406,31.195771
121.443311,31.195781
121.443378,31.195768
121.443376,31.195833
121.443438,31.195402
121.443446,31.195596
121.443385,31.195532
121.443364,31.195760
121.443410,31.195801
121.443407,31.195771
121.443421,31.195780
121.443393,31.195698
121.443417,31.195756
121.443484,31.195476
121.443461,31.195215
121.443432,31.195324
121.443464,31.195143
121.443448,31.195525
121.443409,31.195515
121.443314,31.195775
121.443309,31.195846
121.443341,31.195864
121.443346,31.195418
121.443444,31.195285
121.443382,31.195321
121.443317,31.195487
121.443306,31.195773
121.443351,31.195804
121.443362,31.195426
121.443446,31.195236
121.443463,31.194957
121.443510,31.194976
121.443473,31.194979
121.443476,31.194977
121.443435,31.194978
121.443453,31.195289
121.443319,31.195518
121.443393,31.195757
121.443429,31.195468
121.443398,31.195524
121.443342,31.195510
121.443430,31.195421
121.443448,31.195250
121.443432,31.195297
121.443418,31.195107
121.443433,31.195548
121.443374,31.195490
121.443396,31.195398
121.443436,31.195203
121.443455,31.194963
121.443457,31.194963
121.443475,31.194938
121.443392,31.195265
121.443423,31.195110
121.443464,31.195204
121.443423,31.194938
121.443422,31.194932
121.443438,31.194977
121.443376,31.195261
121.443223,31.194979
121.442507,31.194913
121.442310,31.194490
121.442365,31.194465
121.442370,31.194469
121.442340,31.194491
121.442336,31.194484
121.442369,31.194485
121.442351,31.194477
121.442351,31.194477
121.442361,31.194481
121.442355,31.194478
121.442367,31.194475
121.442357,31.194469
121.442368,31.194477
121.442362,31.194479
121.442362,31.194474
121.442320,31.194486
121.442317,31.194482
121.442323,31.194478
121.442287,31.194541
121.442157,31.194520
121.442166,31.194519
121.442144,31.194537
121.442160,31.194538
121.442141,31.194555
121.442149,31.194531
121.442132,31.194543
121.442130,31.194548
121.442151,31.194534
121.442153,31.194530
121.442156,31.194524
121.442156,31.194524
121.442151,31.194528
121.442155,31.194525
121.442133,31.194542
121.442156,31.194552
121.442146,31.194534
121.442157,31.194541
121.442154,31.194526
121.442165,31.194518
121.442154,31.194525
121.442156,31.194520
121.442163,31.194517
121.442154,31.194524
121.442152,31.194526
121.442139,31.194534
121.442173,31.194513
121.442177,31.194520
121.442178,31.194518
121.442146,31.194539
121.442185,31.194532
121.442172,31.194548
121.442177,31.194551
121.442145,31.194538
121.442190,31.194529
121.442172,31.194529
121.442138,31.194548
121.442165,31.194535
121.442152,31.194538
121.442155,31.194545
121.442161,31.194545
121.442164,31.194522
121.442153,31.194528
121.442158,31.194523
121.442158,31.194527
121.442158,31.194527
121.442155,31.194544
121.442153,31.194528
121.442157,31.194526
121.442181,31.194527
121.442153,31.194546
121.442137,31.194546
121.442148,31.194534
121.442139,31.194543
121.442138,31.194544
121.442134,31.194543
121.442165,31.194520
121.442151,31.194538
121.442129,31.194551
121.442168,31.194539
121.442160,31.194525
121.442139,31.194546
121.442140,31.194540
121.442143,31.194539
121.442140,31.194548
121.442136,31.194551
121.442134,31.194548
121.442128,31.194551
121.442158,31.194536
121.442154,31.194535
121.442153,31.194553
121.442153,31.194550
121.442135,31.194553
121.442129,31.194550
121.442136,31.194547
121.442159,31.194525
121.442153,31.194532
121.442153,31.194534
121.442133,31.194553
121.442151,31.194534
121.442154,31.194554
121.442162,31.194541
121.442152,31.194549
121.442148,31.194554
121.442148,31.194548
121.442141,31.194541
121.442143,31.194549
121.442168,31.194529
121.442142,31.194562
121.442148,31.194539
121.442160,31.194535
121.442140,31.194536
121.442147,31.194533
121.442151,31.194534
121.442145,31.194535
121.442135,31.194549
121.442148,31.194535
121.442149,31.194537
121.442150,31.194556
121.442156,31.194548
121.442158,31.194530
121.442155,31.194559
121.442161,31.194536
121.442148,31.194532
121.442153,31.194530
121.442153,31.194526
121.442138,31.194545
121.442150,31.194533
121.442152,31.194534
121.442151,31.194531
121.442153,31.194533
121.442146,31.194563
121.442172,31.194536
121.442151,31.194534
121.442145,31.194542
121.442168,31.194538
121.442192,31.194568
121.442161,31.194537
121.442163,31.194529
121.442165,31.194522
121.442163,31.194537
121.442130,31.194552
121.442186,31.194547
121.442180,31.194571
121.442161,31.194587
121.442173,31.194555
121.442186,31.194560
121.442192,31.194558
121.442167,31.194563
121.442307,31.194467
121.442734,31.194325
121.442627,31.194361
121.442914,31.194253
121.443006,31.194141
121.443534,31.194481
121.444505,31.194802
121.444807,31.195010
121.444751,31.194993
121.444760,31.194986
121.444737,31.195011
121.444711,31.194977
121.444721,31.195016
121.444693,31.194998
121.444737,31.194970
121.444089,31.194687
121.443419,31.194363
121.443048,31.194183
121.443759,31.194300
121.444055,31.194410
121.443965,31.194376
121.443688,31.194279
121.443308,31.194123
121.443364,31.194125
121.443364,31.194122
121.443388,31.194115
121.443244,31.194070
121.443345,31.194103
121.443370,31.194134
121.443377,31.194134
